1 0.0931255421875 0.525468382638889 0.019775376562499992 0.0937499375
1 0.07400934453125001 0.5231246340277778 0.018457018749999998 0.09843743472222223
1 0.20452683320312498 0.5055465215277778 0.023730452343749996 0.10078118194444446
1 0.040391203515625 0.5278121305555555 0.01977537734375 0.08906243888888889
1 0.18672899335937498 0.50671839375 0.014501942968750004 0.0890624375
1 0.216392058984375 0.50671839375 0.015820300781249984 0.08437494027777777
1 0.66727065546875 0.47742154097222217 0.01054686718750002 0.04453122083333333
1 0.784604558984375 0.5055465201388889 0.02373045234374995 0.058593709722222165
1 0.014683213671875 0.5301558784722222 0.02373045234375 0.11249992361111107
1 0.00536406953125 0.5266402555555556 0.0107281390625 0.08671868888888888
0 0.39305209414062503 0.46101530069444446 0.021093735156249994 0.02578123194444449
0 0.37327671640625 0.4692184194444445 0.03691403593749998 0.04687496666666667
0 0.3640482078125 0.4832809104166666 0.018457018749999988 0.046874968055555556
0 0.340976934765625 0.48328091111111116 0.04350583046875003 0.06093745833333336
0 0.31592812343750004 0.5008590243055555 0.04086911250000003 0.05859370972222225
0 0.583554892578125 0.4797652875 0.03295896171874997 0.030468727777777756
0 0.602011911328125 0.49734340069444444 0.032958961718750054 0.046874968055555556
0 0.61915057109375 0.5032027722222223 0.040869112499999985 0.0539062138888889
0 0.274399831640625 0.50671839375 0.06855463984375003 0.08437494027777777
0 0.6468360992187501 0.5196090111111111 0.061962848437500016 0.07265619999999996
0 0.47874539453125003 0.6590620402777777 0.2926755796875 0.43593719999999997
0 0.862387708984375 0.6543745430555555 0.2742185617187499 0.5203121416666666
