0 0.43095293359375 0.5417673395833333 0.015294559375000016 0.03398791249999999
0 0.4160407359375 0.5519637131944445 0.019118201562499947 0.027190331944444385
0 0.39230548984375 0.5635196020833334 0.027530207812499975 0.028549845833333382
0 0.442395176953125 0.5315709638888889 0.011470917968749994 0.01903323055555559
0 0.45233664140625 0.5329304826388889 0.00994146406249996 0.01631419861111109
0 0.32424469296875 0.5757552527777778 0.04435422656250001 0.08293051111111112
0 0.26459590507812497 0.585271867361111 0.09482627734375 0.10740180416666666
0 0.1925107296875 0.6113745930555555 0.09635573437500003 0.12154079166666665
0 0.498401951171875 0.5016616006944444 0.006117825781250019 0.019033231944444475
0 0.483563045703125 0.5320241388888889 0.013765105468749983 0.012688811111111104
0 0.5179758078125001 0.5434829256944445 0.009176737499999987 0.019292184722222157
0 0.54028036640625 0.5458761444444444 0.01911820000000004 0.030302033333333294
0 0.556978521484375 0.5538217256944444 0.029056474218749972 0.035256809722222233
0 0.50322581796875 0.5573592923611111 0.02523602500000006 0.04486404583333336
0 0.36151190273437506 0.5759181090277778 0.02097162265625001 0.030688259722222236
0 0.468743534765625 0.5768250895833333 0.06806079765625003 0.09244712083333337
0 0.89704191796875 0.6203927041666667 0.107061925 0.19305134722222228
1 0.5697224007812499 0.5689769840277777 0.01682401718749995 0.07205437638888885
0 0.08101868749999999 0.6456428993055555 0.1598281625 0.1740181152777778
0 0.78648031328125 0.6762320208333333 0.32271523593749996 0.3194863861111111
