0 0.3475687265625 0.41648408125 0.022412093749999994 0.03515622638888895
0 0.482700469921875 0.3953903479166666 0.02109373515624995 0.03515622916666664
0 0.5084084597656251 0.40476533958333333 0.030322244531250053 0.039843720833333325
0 0.5591652613281249 0.3871872270833333 0.026367169531250047 0.018749987499999954
0 0.530161374609375 0.4153122083333333 0.03955075390624998 0.07031245277777774
0 0.215732880078125 0.44812468611111106 0.15161122421875 0.12656241388888886
0 0.087852108203125 0.47156216875 0.11469718671875 0.10781242638888891
0 0.574985562890625 0.4399215666666666 0.08964837578125007 0.11015617499999995
0 0.4121682921875 0.5125777652777778 0.1832518265625 0.25078107777777775
0 0.017229295703125 0.5184371368055556 0.03445859140625 0.10781242638888891
