1 0.8379980769531251 0.39656222152777776 0.014501942968749936 0.05156246527777779
1 0.782627021484375 0.4071090895833333 0.01713866015624994 0.04921871527777778
1 0.7668067199218751 0.40242159166666674 0.01713866015625003 0.06796870277777782
1 0.6811134195312499 0.39773409513888885 0.014501943749999935 0.053906212500000016
1 0.646176919921875 0.39539034722222227 0.010546867968750017 0.04921871666666667
0 0.158384286328125 0.41179658402777775 0.02636716953125 0.030468726388888947
0 0.29022013359375 0.39187472291666664 0.023730451562499998 0.02343748194444441
0 0.07994195703125 0.4035934659722222 0.1305174890625 0.08437494027777777
0 0.36602574531250004 0.39304659861111113 0.014501943749999979 0.021093733333333295
0 0.373935896875 0.39773409444444446 0.014501943750000024 0.016406238888888838
0 0.383823584765625 0.39656222013888887 0.010546867968749974 0.018749987499999954
0 0.40293978242187495 0.39890596874999995 0.011865225781250021 0.018749987499999954
0 0.4115091125 0.39656222013888887 0.013183584375000024 0.023437484722222183
0 0.424692697265625 0.3942184722222223 0.015820302343749936 0.028124980555555526
0 0.439853819921875 0.39773409444444446 0.019775377343750032 0.030468724999999985
0 0.48006375312500005 0.4000778423611111 0.018457018749999943 0.02578123194444441
0 0.55389182734375 0.39890596874999995 0.02900388593750005 0.0374999736111111
0 0.569712128515625 0.4035934659722222 0.026367169531249957 0.046874968055555556
0 0.45831083906250003 0.4024215909722222 0.027685528125000046 0.04453121805555556
0 0.51038599765625 0.42585907500000003 0.07119135781249994 0.09609368333333335
0 0.590805864453125 0.4035934659722222 0.04482418828124999 0.046874968055555556
0 0.9276464531249999 0.40828096250000007 0.05932613124999993 0.05624996111111113
