1 0.8413077855468749 0.4597106472222222 0.02637829609374993 0.05542106944444443
0 0.34211851054687503 0.5122896069444445 0.04316448515625 0.05542106666666666
1 0.20902801601562498 0.4661053833333333 0.011990135156250003 0.03126316666666666
1 0.18584708828125002 0.45828959305555556 0.013588818749999999 0.04405264166666664
1 0.16546385898437502 0.45189485625000003 0.014388161718749992 0.0369473819444444
0 0.27976981015625 0.5442632993055555 0.12949345625000003 0.17336846805555553
0 0.049159551953125 0.8235002138888889 0.09672041953125 0.2799474416666667
0 0.13851827421875001 0.6456190284722223 0.27703654843750003 0.33344833194444445
0 0.6250856886718751 0.5158422395833333 0.09751976015625 0.12789476805555552
0 0.730199203125 0.5385790874999999 0.1830493890625 0.20463163055555553
0 0.8740808199218751 0.6195791083333333 0.25019414296875003 0.3126316583333334
