0 0.168090705078125 0.45890594097222215 0.017138660156249985 0.05156246250000002
0 0.102172781640625 0.45773406666666666 0.07778315078125 0.08671868888888888
0 0.04218747109375 0.46945280902777775 0.0843749421875 0.0914061875
3 0.21357407187500002 0.4143747215277778 0.0922850921875 0.1593748902777778
3 0.46933561523437495 0.4202340944444444 0.021093736718750034 0.030468730555555525
0 0.473290690625 0.44835907430555555 0.026367170312500042 0.03515622638888895
0 0.5042721136718751 0.4553903180555556 0.03823239453124998 0.05859370833333336
0 0.521410774609375 0.4647653118055555 0.05141598046875 0.0632812041666667
0 0.87591735859375 0.5336715090277778 0.17666003437499994 0.2601560513888889
0 0.700048346875 0.5578121159722222 0.3533200703125 0.39374972916666673
0 0.943285484375 0.5832027125 0.11206047031250002 0.31171853611111117
0 0.35002417304687505 0.4888277819444445 0.23071273203125 0.3645309888888889
1 0.860756236328125 0.3949216034722222 0.014501942968750115 0.03046872916666664
1 0.8844866890624999 0.3960934777777778 0.014501943749999847 0.03281247777777775
0 0.9095354992187501 0.4066403458333333 0.035595678125000065 0.07265619999999996
1 0.9879778285156251 0.43007782916666665 0.02109373515624995 0.08203119444444451
