0 0.9247836335937499 0.4919013881944444 0.14672666562500006 0.10983048749999998
0 0.19200834921875 0.5224098576388889 0.07636651093750002 0.0762711708333333
1 0.146102637890625 0.5102064708333334 0.010296608593749989 0.03050846944444443
0 0.23319478125 0.5124946055555556 0.023167368750000028 0.04118643055555561
0 0.24821066875 0.5086810451388888 0.01029660937500001 0.036610159722222195
0 0.259365326953125 0.5071556229166666 0.018877114843749966 0.03355931527777779
0 0.279529519140625 0.5002912166666666 0.012870761718750012 0.03508473888888896
0 0.297548583984375 0.5002912173611112 0.016302963281250006 0.02593219861111117
0 0.30999031875 0.4964776611111112 0.008580507812499994 0.015254236111111099
0 0.318570825 0.49418952430555557 0.0085805046875 0.019830504166666665
0 0.33058353515625 0.49418952569444446 0.008580507812499994 0.010677965277777762
3 0.38163755078125 0.48274884861111106 0.057489396874999966 0.09762709999999994
