1 0.300626428515625 0.5327117631944445 0.011712717968750041 0.0381747847222222
1 0.28940173945312503 0.56047524375 0.012688777343750023 0.06246782916666665
1 0.27427281171875 0.5552695923611111 0.01756907812499997 0.07287913194444447
1 0.668112953125 0.5457258930555555 0.012688778124999977 0.07461435
1 0.756446367578125 0.5405202444444445 0.015616957031250055 0.07114391666666664
0 0.229374059765625 0.54052024375 0.04099451328125001 0.0399100041666666
0 0.197652115234375 0.53444698125 0.022449375781249992 0.034704351388888846
0 0.1712985 0.5405202416666667 0.041970571874999994 0.03643956666666668
0 0.6798256714843751 0.5283737215277777 0.028305735156250032 0.043380437500000035
0 0.7154518550781249 0.5240356770833333 0.02537755546874996 0.04511565416666667
0 0.7544942484374999 0.535314592361111 0.052707231250000056 0.05032130694444443
0 0.867229158203125 0.49800741527777775 0.030257855468749994 0.017352174999999984
0 0.9653231703125 0.5370498090277778 0.06832418750000002 0.08155522361111112
0 0.8691812777343749 0.6220754645833334 0.25279949609374996 0.23772479305555566
0 0.090285534375 0.6715291631944444 0.18057106875 0.5413878513888889
3 0.495224875 0.6391401784722222 0.3388181265625 0.4804684208333333
