0 0.54657813515625 0.5513069652777778 0.010520314062500003 0.013602022222222211
0 0.53318864453125 0.5496067111111111 0.01625866718750002 0.02380353888888891
0 0.5953541375 0.5462062055555555 0.012433096875000072 0.02380353888888891
0 0.6058744515625 0.5479064576388889 0.01625866718750002 0.04420657083333334
0 0.62356770703125 0.5530072159722222 0.04208125625000001 0.06801011250000003
0 0.40885766015625 0.5717099986111112 0.027735373437499967 0.05780859444444444
0 0.37347115000000003 0.5759606291666667 0.06025270781250005 0.0867128916666667
0 0.30891467695312497 0.5946634090277778 0.08990086640624999 0.09691440972222228
0 0.15828290703125 0.610815811111111 0.23049051718750002 0.18022679722222226
0 0.4762833101562499 0.5742603763888889 0.11285427812500001 0.15472300277777776
0 0.6603888062500001 0.5793611347222222 0.06981662968749998 0.08671289166666661
0 0.880677808984375 0.7115557881944444 0.23622886953125005 0.4845720430555556
