0 0.39076876992187504 0.2971884125 0.014825103906250003 0.030748363888888856
0 0.3791431875 0.3095753388888889 0.014825103124999961 0.07028196944444444
0 0.35649372421875 0.31250375694444443 0.035415525000000024 0.08785246388888888
0 0.342080430078125 0.3198247972222222 0.046122546093749994 0.09663771111111111
0 0.31119479765625 0.33153845694444445 0.048593395312500044 0.11420820555555558
0 0.22677406953124998 0.33153845833333334 0.14495656562499998 0.19913225
0 0.48991965390625003 0.3088432381944444 0.020590421874999976 0.03074836250000001
0 0.46315210625000003 0.29566536666666665 0.03129744062499995 0.0629609333333333
3 0.5187462437500001 0.29566536875 0.03706275781250001 0.07760300972222223
3 0.554161767578125 0.31689637847222224 0.056829563281250016 0.08492404861111108
0 0.43020743164062497 0.3278779388888889 0.06588934921875 0.1127439944444445
0 0.090053673046875 0.3505731576388889 0.17790123984375 0.3865508430555556
1 0.6398767613281249 0.3205568993055556 0.014825103906250003 0.07467459305555559
1 0.659140555859375 0.32505411666666667 0.012354253906250001 0.05856830833333334
1 0.661761436328125 0.3227532111111111 0.011530636718750032 0.055639894444444477
1 0.714884723046875 0.33739528888888887 0.012354253906250001 0.07906721944444442
1 0.727650784765625 0.3271458326388889 0.013177869531249975 0.08492404861111112
1 0.7424758890625001 0.3242174208333333 0.011530637500000029 0.0819956361111111
1 0.771302476953125 0.31982479444444445 0.023061272656249975 0.09078088055555555
1 0.8029528976562499 0.3366631861111111 0.03129744062500013 0.11567241388888887
1 0.74726755859375 0.36239141388888896 0.04035722499999998 0.1361713194444444
1 0.593342408984375 0.31459549722222224 0.012354253906250001 0.0527114777777778
1 0.5846032308593749 0.32285780694444444 0.011530636718750032 0.05124726944444444
1 0.64723047265625 0.3381273909722223 0.015648720312499975 0.08053142361111112
0 0.9629242585937501 0.3252590736111111 0.07082254062499996 0.07227979444444448
