3 0.032887005078125 0.6011564395833334 0.06180954921875 0.10091354861111113
0 0.058115392578124994 0.6575398819444445 0.11226632421875 0.06054812777777777
0 0.16848958789062501 0.6474485256944444 0.11605058203125003 0.06279065416666667
0 0.263096041015625 0.6485697881944444 0.055502452343749994 0.04709299027777776
0 0.2965236546875 0.6552973576388889 0.02648980624999999 0.029152804166666612
0 0.380408043359375 0.6586611423611111 0.030274064843750014 0.03139532638888893
0 0.410051398828125 0.65641861875 0.02396696796875002 0.022425231944444433
0 0.431495527734375 0.656418620138889 0.016398450781250063 0.017940187500000034
0 0.514118496484375 0.6496910493055554 0.015137032031250008 0.013455140277777784
0 0.52042559453125 0.6597824048611112 0.01765987187500002 0.020182709722222192
0 0.55006894921875 0.6721162819444444 0.018921290625000076 0.026910277777777797
0 0.5722338921875 0.6732375430555556 0.034058323437499996 0.04260794444444439
0 0.5948493375 0.6799651138888889 0.03784258124999997 0.042607941666666704
0 0.6623352742187499 0.6979053 0.06685522656250002 0.06951822222222219
0 0.8875887359375 0.7405132451388889 0.20056567968750008 0.1457640180555556
0 0.48384443203125 0.7001478229166667 0.06559380781250006 0.09642850416666665
0 0.33751978437499996 0.7001478250000001 0.09334503437500001 0.11885373888888885
