1 0.11092338281249998 0.39187472500000003 0.015820303125 0.07968744444444446
1 0.087192929296875 0.3895309743055555 0.021093735156249994 0.06562495416666671
1 0.6738624484375 0.35085912708333333 0.010546868750000016 0.053906212500000016
1 0.069395090625 0.5489058666666666 0.11997062031249998 0.41718721388888896
0 0.24473676640625 0.36140599513888894 0.0751464328125 0.056249962500000014
0 0.19002488945312498 0.37898410833333335 0.05800777265624999 0.025781233333333375
0 0.26648968125000005 0.36609349166666666 0.06328120624999997 0.05624996111111113
0 0.340976934375 0.34851537708333336 0.0751464328125 0.04453121805555556
0 0.327134170703125 0.42117157847222225 0.09228509296874998 0.17578112916666666
0 0.584873251171875 0.353202875 0.025048810156249955 0.03984372222222221
0 0.20716354921874996 0.5184371361111111 0.258398259375 0.2578123222222222
0 0.47544949765624994 0.4809371631944444 0.24916975 0.4124997180555556
0 0.9032568218750001 0.46453092430555554 0.1924803375 0.13124991250000007
