0 0.689208466015625 0.39560025416666666 0.019120969531249976 0.016996416666666646
0 0.681696656640625 0.3943862256944444 0.012292050781250018 0.019424476388888934
0 0.661892796484375 0.3931721951388889 0.010926269531250022 0.01699641527777784
0 0.651649419921875 0.3943862256944444 0.015023617968750003 0.019424476388888934
0 0.640040260546875 0.3968142847222222 0.010926267968749936 0.01942447777777774
0 0.6318455593750001 0.40167040347222227 0.01365783437500001 0.019424479166666626
0 0.670087497265625 0.40288443194444445 0.01365783515624992 0.02185253611111114
0 0.716524134375 0.4186668201388889 0.04643663906250008 0.08741014027777776
0 0.746571370703125 0.42230890902777785 0.016389400781249997 0.041277012499999995
0 0.350494163671875 0.38016473958333324 0.06555760703125002 0.04370507083333332
0 0.29654571640625005 0.3753086208333334 0.055997121874999986 0.043705072222222204
0 0.21664738359375 0.35224205555555554 0.04097350468750001 0.026708655555555558
0 0.24601172734374996 0.3838068319444444 0.055997121874999986 0.04613313055555553
0 0.20640400703125 0.37652265347222225 0.042339287499999975 0.060701487500000005
0 0.162016044140625 0.35224205625 0.04643663828125 0.031564773611111124
0 0.13196880703125 0.36802444305555554 0.0546313375 0.03399283055555553
0 0.148358208203125 0.38744891944444443 0.09014171015625001 0.07284178333333331
0 0.053009460937499996 0.3862348916666667 0.10601892187499999 0.11411879722222223
0 0.6195535082031249 0.3969877194444444 0.01638940234374999 0.02878983888888887
0 0.605895671484375 0.40288443194444445 0.016389400781249997 0.02185253611111114
0 0.58814048828125 0.4089545819444445 0.030047235937500007 0.03399283611111115
