0 0.57119364140625 0.5439935944444444 0.19930426250000002 0.4614562805555556
0 0.754099450390625 0.5897135597222223 0.16650735703125 0.24892009166666673
0 0.881502807421875 0.6872633256944444 0.23462400390625007 0.403654201388889
1 0.33175329609375004 0.5038202534722223 0.02270554843750001 0.06727570138888884
1 0.318508394140625 0.5172753944444445 0.016398450781249973 0.06727569999999995
1 0.15956955117187502 0.5071840402777777 0.02144412890624998 0.10091355277777778
0 0.025543742578125 0.5247504638888889 0.05108748515625 0.18388691666666673
1 0.367073038671875 0.5056890111111111 0.01765987109374998 0.07176074444444443
1 0.349553728515625 0.5033165534722223 0.013775516406249988 0.05969390416666664
0 0.685331940625 0.4698981701388888 0.09987249375000004 0.14387761527777776
