0 0.6620356843749999 0.4221090909722222 0.08920890781250002 0.15515615694444446
0 0.608861898828125 0.38476536388888893 0.019775377343749945 0.07265620277777778
0 0.5895259890625 0.38593723472222224 0.01713866093750003 0.04687496944444444
0 0.55788538515625 0.3894528583333334 0.05668941406250001 0.08203119444444447
0 0.446044628125 0.4070309701388889 0.04218747031249999 0.051562462499999934
0 0.5099850125 0.4515621923611111 0.12524405312499995 0.16406238749999996
1 0.9151291179687501 0.4089840743055555 0.039550754687500064 0.18046862361111107
1 0.8597580624999999 0.40664032638888886 0.03427731874999988 0.14765614722222226
1 0.825254873828125 0.40664032847222226 0.018908755468750017 0.12890615972222222
1 0.7944993199218751 0.4054684541666666 0.022412094531249947 0.1265624111111111
1 0.3692345421875 0.3959260451388889 0.021282078125000003 0.09810260416666665
0 0.103886682421875 0.4554909090277778 0.10863277421875002 0.12937495416666667
