0 0.4049666847656249 0.44141447777777776 0.018984375781249962 0.02309210555555552
0 0.37649012109375 0.4316447381944444 0.01998355156249998 0.01065789305555561
0 0.357505746875 0.4467434236111111 0.017985198437499995 0.02309210555555552
0 0.33752219296875 0.44141447777777776 0.019983551562500024 0.04085526388888891
0 0.2216175875 0.46450658124999994 0.0679440796875 0.08348684305555554
0 0.4709124078125 0.44319079236111114 0.03497121718749998 0.04440789305555555
0 0.80463773828125 0.42720394930555555 0.04096628281249996 0.02664473750000001
0 0.8560953863281249 0.4529605284722222 0.11190789453125002 0.09236842083333335
0 0.38398395390625 0.4520723708333333 0.022981085937500013 0.026644736111111123
0 0.4329436578125 0.4582894756944444 0.05695312499999998 0.07105263194444444
0 0.271076880859375 0.4414144770833333 0.04296463828124999 0.07282894861111112
0 0.09622079492187499 0.46717105625 0.18884457421875 0.1953947375
3 0.64526890546875 0.4218750013888889 0.3217351984375 0.3925657916666667
0 0.92004275546875 0.5026973715277778 0.159868421875 0.1811842097222222
0 0.319037408203125 0.44851973819444435 0.036969572656250005 0.04440789305555555
3 0.045328564843749995 0.39858809652777777 0.0419167375 0.0415918013888889
