3 0.48813382890624996 0.37549290069444446 0.049293842187500034 0.10981919583333331
3 0.43291224609374995 0.3621814826388889 0.06114932499999996 0.10094491527777778
3 0.155868371484375 0.35940826875 0.31073840234375 0.7188165375
0 0.33282703359375 0.4296260006944444 0.027454798437499983 0.04326210694444441
0 0.39584827539062506 0.3898026756944445 0.00998356328125003 0.021298265277777832
0 0.36870546328125 0.4376128472222222 0.04555000624999996 0.08541492777777775
0 0.5281304816406249 0.3821486083333334 0.02246301640624999 0.025513549999999992
0 0.5296904140625001 0.4015610923611111 0.01684726249999997 0.028841404166666647
0 0.548721600390625 0.4054435881944444 0.041182197656249996 0.0499178152777778
0 0.76056032890625 0.4026703756944444 0.06926096875000001 0.059901376388888865
0 0.8856317398437501 0.42115845625 0.22837400468750008 0.2373869430555556
0 0.422540004296875 0.46978210486111116 0.11169111171875001 0.1652834291666667
0 0.6759769152343751 0.48734579305555553 0.23211784140625005 0.2484797916666667
