0 0.277353565625 0.33749997083333333 0.06599102187500003 0.11221661666666666
0 0.38865363828125005 0.3246418173611111 0.010759406250000002 0.018065176388888916
0 0.36366790781249997 0.32840363958333335 0.040646643750000024 0.031454656944444416
0 0.4059882359375 0.32882870138888887 0.02677896406250002 0.034005033333333365
3 0.432846909765625 0.2968356194444445 0.015780461718749982 0.03655541111111111
3 0.449344665234375 0.09606422361111111 0.19319110390625002 0.057808558333333336
0 0.63544977265625 0.11150818055555554 0.015794923437499976 0.005950880555555552
0 0.5163717867187501 0.29966936944444444 0.010042112499999955 0.01615239166666669
0 0.46998679257812503 0.3051951875 0.02916994296875002 0.023803525000000016
0 0.45635821289062495 0.3017946833333333 0.011476699218750053 0.0136020138888889
0 0.4522935484375 0.29796911805555554 0.010998503124999993 0.016152388888888876
