0 0.77537605 0.42351532708333334 0.02373045312499995 0.02109373472222226
0 0.75955574765625 0.42703094861111107 0.026367168750000048 0.03749997222222221
0 0.7351661164062501 0.4258590749999999 0.025048810937499954 0.035156224999999985
0 0.797128964453125 0.44109343958333336 0.0461425460937499 0.046874968055555556
0 0.9164404062500001 0.4106247097222222 0.015820301562500028 0.023437483333333377
0 0.8887548777343749 0.41414033194444444 0.04218746953125017 0.030468727777777833
0 0.927646452734375 0.41765595625 0.02241209296875013 0.02812498194444449
0 0.9546728019531251 0.41414033333333333 0.015820302343749936 0.025781233333333375
0 0.9744481785156249 0.41062471111111115 0.026367169531249957 0.03281247777777775
0 0.992905196875 0.41531220833333343 0.013183584375000024 0.051562466666666674
0 0.9955419140625 0.4598434256944444 0.007910150000000015 0.12187491527777783
3 0.479404573046875 0.41062471041666665 0.20698227890624996 0.28124980694444446
0 0.6092628828125 0.47156216874999995 0.16611316718749994 0.1453124013888889
