0 0.8105717867187501 0.4731128270833333 0.023992874999999893 0.036273670833333285
0 0.790177841796875 0.4731039402777778 0.011996436718750036 0.027725100000000048
0 0.7793810492187501 0.47523664097222224 0.02879145000000003 0.05331750138888888
0 0.7601867496093749 0.48376744166666663 0.031190738281250054 0.05758289999999996
0 0.748790134765625 0.49336459027777774 0.027591808593750055 0.05545020000000002
0 0.7349942296875 0.4976299895833333 0.035989312500000016 0.059715601388888866
0 0.6966056296875001 0.49762999097222227 0.07437791249999996 0.09810420138888887
0 0.665414891796875 0.5146915909722222 0.06478076328124996 0.1066349986111111
0 0.599434486328125 0.5189569902777779 0.12476295078124995 0.1748814
0 0.48426868554687497 0.5669427402777778 0.25432447578125 0.2367297
0 0.14856213046875 0.6437199402777777 0.2971242609375 0.46279590000000004
0 0.83156555078125 0.46137409027777776 0.013196081249999913 0.017061600000000017
0 0.8465610996093751 0.4667058416666667 0.011996438281249943 0.023459700000000003
3 0.8831502332031249 0.4603077395833334 0.06837969453124995 0.12156390138888887
0 0.89574649296875 0.4965636402777777 0.026392162500000003 0.0618483
0 0.9275370531250001 0.5040280916666666 0.061181831250000054 0.09810419999999999
0 0.9281368746093751 0.5274877930555555 0.050385036718750165 0.09810420277777775
0 0.96112707734375 0.5338858909722223 0.061181831249999874 0.11516580138888889
0 0.97726451875 0.5541465409722223 0.045470962499999955 0.18554489861111112
