0 0.601830640625 0.5390621284722222 0.009228509375000016 0.02343748194444449
0 0.60842243359375 0.5531246208333334 0.009228509375000016 0.028124983333333374
0 0.61633258515625 0.555468370138889 0.009228509375000016 0.02812498194444449
0 0.624242734765625 0.5507808722222223 0.014501944531250022 0.042187472222222216
0 0.637426319140625 0.5671871083333334 0.022412092968749953 0.0468749638888889
0 0.6539058003906251 0.5707027326388888 0.021093735156250036 0.0679687041666667
0 0.6657710265625 0.5917964666666666 0.03427731875000006 0.09609368055555557
3 0.5642574234375 0.5167965194444445 0.050097621875 0.08906243888888889
0 0.78046821328125 0.6351558131944445 0.17666003437500005 0.18749986805555557
0 0.91019467890625 0.7495307409722222 0.17666003437499994 0.34687475972222226
0 0.537890255078125 0.5707027326388888 0.036914036718749973 0.09843743194444438
0 0.50822718984375 0.5917964680555555 0.07514643281249996 0.15937488888888884
0 0.41989717187500003 0.6351558118055555 0.20170884687500004 0.2835935541666666
0 0.18457018593750002 0.4886715381944444 0.36914037187500004 0.5765621013888887
0 0.562939066015625 0.5566402256944444 0.04482418828125008 0.07265619861111108
0 0.71326872890625 0.5981471680555556 0.08497039843750001 0.14425404999999997
