3 0.11263866171874999 0.20969805208333334 0.22137707812500002 0.27152537083333333
0 0.91534507578125 0.3180031173611111 0.16560378124999992 0.2410169041666667
0 0.836404413671875 0.23868109861111111 0.16903598515625004 0.17694911944444444
0 0.592718018359375 0.27071499236111113 0.13643006015624995 0.1830508125
0 0.4858907078125 0.2020709361111111 0.02574151874999995 0.03050846944444443
0 0.6918228714843749 0.20359636041666668 0.01716101328125008 0.021355926388888908
0 0.5077710007812499 0.20207093680555555 0.016302962500000007 0.021355923611111098
0 0.53737375 0.2005455111111111 0.020593217187500023 0.024406775000000006
0 0.52064176171875 0.1974946666666667 0.0163029640625 0.027457619444444446
0 0.659216946875 0.1990200875 0.020593217187500023 0.027457622222222217
0 0.68581651875 0.19749466597222226 0.015444914062499926 0.021355929166666676
0 0.6772360109375001 0.19596924166666665 0.008580507812499949 0.012203386111111117
