0 0.31790566054687497 0.609843323611111 0.013183585156250021 0.028124980555555526
0 0.33570350078125 0.6239058138888889 0.0250488109375 0.03281247777777775
0 0.35350133984375 0.6215620659722223 0.02109373593749999 0.0374999736111111
0 0.3699808203125 0.6332808069444444 0.03295896093750002 0.05624996111111113
0 0.4016214234375 0.64499955 0.048779262499999955 0.09374993611111111
0 0.42996613124999994 0.65437454375 0.06591792343750003 0.11249992361111115
0 0.495224875 0.6660932840277778 0.12260733750000004 0.1406249013888889
3 0.29615274648437506 0.6051558263888889 0.027685527343750006 0.05624996111111113
0 0.30340371796875 0.6321089319444444 0.029003885937500008 0.04453121944444444
0 0.8439306902343751 0.7645307166666667 0.31113259921875003 0.468749675
