0 0.26014982890625 0.4137318736111111 0.07016809375 0.062371638888888886
0 0.0285951203125 0.4338294006944444 0.05613447812500001 0.09702254861111106
0 0.5926686308593749 0.4116528180555556 0.04132121171875003 0.060985602777777835
0 0.750546845703125 0.43660147152777773 0.13565831484374993 0.1690964375
0 0.6346395496093751 0.40472263611111114 0.010915036718750049 0.03880901944444446
0 0.642046181640625 0.4061086722222222 0.017931846093750002 0.04158109166666664
0 0.6569853304687501 0.40980476805555555 0.028595114062499948 0.06283364722222223
0 0.672062534765625 0.4158109284722222 0.031185824218750026 0.08316218750000001
0 0.687655444140625 0.4248201645833333 0.04210086015624999 0.11781309583333331
0 0.5729095035156251 0.39340334513888897 0.011694685156250006 0.015246406944444462
