0 0.8773270609375 0.6386074500000001 0.2398027296875 0.521630511111111
0 0.546867201953125 0.5554238458333334 0.08773270703125 0.12650839444444448
0 0.319736974609375 0.5242299972222223 0.07213578203125 0.08145061111111107
0 0.35190563242187495 0.5008346090277778 0.06043808671874999 0.08664958472222221
0 0.38894833046875005 0.5060335840277778 0.01949615468750001 0.04852376805555557
0 0.39772160078124996 0.5008346097222222 0.01169769374999996 0.024261883333333303
0 0.406494871875 0.4817717 0.015596926562500002 0.02079590000000001
0 0.41478073749999994 0.47050725486111117 0.010722885937499971 0.019062909722222247
0 0.43086506875 0.4618422951388889 0.009748079687499977 0.012130943055555576
0 0.428915451171875 0.48523768194444444 0.011697692968749961 0.017329919444444404
0 0.443050166015625 0.4731067416666666 0.0068236554687500115 0.013863936111111188
0 0.4469493984374999 0.4809052027777778 0.008773271874999988 0.015596925000000065
0 0.45182343750000004 0.4930361465277778 0.012672501562499949 0.02252889305555554
0 0.46936997812500003 0.509499567361111 0.024370196874999993 0.055455734722222164
0 0.483992094921875 0.5198975173611111 0.034118274218750064 0.07278565138888887
0 0.508849694921875 0.5302954694444444 0.04289154453124997 0.09704753888888883
