0 0.113530250390625 0.8978781645833334 0.12751780234375001 0.10952840138888892
0 0.25967425078125006 0.8507554798611112 0.09313097968749999 0.10188688472222208
0 0.42659362226562497 0.8456611368055555 0.04584909921874995 0.0713208180555556
0 0.317702013671875 0.8507554819444445 0.04011795859374998 0.07132081666666655
0 0.479606641015625 0.8329252770833332 0.02579011796875008 0.0458490986111111
0 0.50253118984375 0.8354724479166666 0.03438682343749999 0.05094344027777788
0 0.53333605234375 0.8443875506944443 0.053013018750000016 0.06877364583333331
0 0.5648573070312499 0.8494818951388888 0.06734086249999996 0.08915102361111103
0 0.6587046796875 0.8864158902777777 0.14041286093750002 0.21396245555555565
0 0.8478322074218749 0.8583969965277779 0.29801913359375 0.2801889291666667
0 0.389341230078125 0.8354724479166666 0.04298353046874999 0.05094344027777788
0 0.44347901210937496 0.8346992249999999 0.015137032031250008 0.051578036111111045
