0 0.070557916796875 0.7734083250000001 0.14111583359375 0.2494865555555556
0 0.883338339453125 0.8142964 0.23233435703124988 0.3672996527777778
0 0.196470662890625 0.7096506493055555 0.09667603984375002 0.10256669583333336
0 0.3344679140625 0.6736137027777777 0.020270782812500034 0.030492802777777762
0 0.231944533203125 0.6895531222222222 0.06159199453125001 0.09563651388888883
0 0.26585911093750003 0.6840089756944444 0.026507946874999976 0.07900407638888886
0 0.2861298953125 0.6826229395833333 0.014033618749999999 0.045739201388888914
0 0.293146704296875 0.6791578486111111 0.018711491406249968 0.0582135305555555
0 0.309519259375 0.676385775 0.009355745312499986 0.03603694722222228
0 0.71844331875 0.7463806152777778 0.323552878125 0.353439288888889
0 0.547700956640625 0.7082646131944444 0.13487866953125005 0.20513339305555553
0 0.47753286328125 0.693018213888889 0.07094773906250004 0.1496919361111111
0 0.437770942578125 0.6909391583333333 0.03352475703125002 0.09840858611111108
0 0.42334750039062496 0.6812369034722222 0.03898227578124995 0.09563651250000002
0 0.401127605078125 0.6853950131944444 0.02572830078125001 0.05959956805555551
0 0.39567008515625 0.6784648305555556 0.041321210937499984 0.059599566666666624
0 0.37306036640625 0.6722276666666667 0.028846884374999958 0.041581091666666715
0 0.363704621875 0.6701486118055555 0.019491137499999978 0.04296712916666665
