0 0.8736223261718751 0.6487647256944444 0.18912752890624995 0.19103790972222218
0 0.7206905066406251 0.5960382708333334 0.08596705859374998 0.08915102222222224
0 0.6246939570312501 0.5934910979166668 0.13754729375000005 0.14518880972222226
0 0.4255369386718749 0.5603778604166667 0.03725239140625005 0.04330192361111106
0 0.47066964453125004 0.5591042756944444 0.024357332812499966 0.03056606527777777
0 0.45204344882812497 0.5603778618055556 0.018626196093750026 0.03820758194444444
0 0.23784219414062502 0.5883967548611111 0.060176939843750034 0.12481143194444447
0 0.288706037109375 0.5833024111111111 0.07020643046875001 0.10952840000000003
0 0.12250305859374999 0.6183260256944444 0.24500611718749998 0.2305190736111111
0 0.491301751953125 0.5629250326388888 0.015760628906249963 0.015283031944444442
0 0.53643445703125 0.56419861875 0.011462274999999966 0.012735856944444398
3 0.519241034375 0.5591042756944445 0.0246438859375 0.048396270833333296
0 0.5453177160156251 0.5603778604166667 0.011462274218749968 0.020377376388888833
0 0.5033371296875 0.5603778604166667 0.00716392031250006 0.020377376388888833
