0 0.436226511328125 0.2512838 0.06921135703125003 0.0970475361111111
0 0.5265191160156251 0.24432506180555555 0.06653269140624998 0.07283919583333333
3 0.63021327265625 0.24175234652777777 0.09455636093750001 0.10571249583333334
0 0.35726707578125005 0.23568687569444444 0.04191673750000002 0.06238770416666668
0 0.26417292578125 0.21749046180555556 0.02144577187500003 0.025994876388888914
0 0.2242058046875 0.21489097430555554 0.027294620312499962 0.0311938513888889
0 0.03460567890625 0.22008995 0.0672617421875 0.05892171944444442
0 0.301215624609375 0.21402447847222222 0.017546541406249984 0.02252889305555554
0 0.383586887109375 0.22095644583333332 0.016571733593749992 0.03292684444444447
0 0.48155507578125 0.23222089097222226 0.033143467187499984 0.04505778472222224
0 0.9431265910156249 0.5380939305555555 0.11015328671874994 0.2062260138888889
0 0.8388221511718751 0.38039168402777773 0.03021904296875011 0.04679077638888892
