0 0.498657084375 0.23505409652777776 0.038612315625000004 0.029121745833333337
0 0.470575401171875 0.23193390763888888 0.02223133359374998 0.039522370833333334
0 0.39803105 0.24857490555555553 0.01521091250000004 0.018721122222222223
0 0.388670488671875 0.2704162173611111 0.029251753906249966 0.04576274305555555
0 0.36234391015625 0.27145627986111115 0.030421823437499995 0.05616336805555555
0 0.16518708671875 0.2984979020833334 0.04095245625000001 0.05616336805555555
0 0.11311896562500001 0.3099385868055555 0.0585035078125 0.07072424305555557
0 0.044273745703125 0.31305877361111106 0.08854749140625 0.08944536388888887
0 0.20906471914062502 0.3036982111111111 0.07722463046875001 0.09152548888888887
0 0.310860823828125 0.31201870972222223 0.12636757890625 0.14560873055555554
0 0.48988155781250003 0.29953796388888887 0.07722463125000001 0.09984598888888886
3 0.43664336640625 0.23505409791666665 0.06435385937499997 0.12480748472222222
1 0.603378364453125 0.24441465555555555 0.016380982031250026 0.06448386666666665
1 0.6256096984375 0.24233453194444443 0.025741543749999974 0.09360561388888892
