0 0.49026690390625005 0.2161135888888889 0.02879145000000003 0.04691940000000001
0 0.5016635199218751 0.23317518958333336 0.029991096093749992 0.04265400138888889
0 0.53345408046875 0.22890978819444444 0.04558646250000002 0.07677720138888888
0 0.55864659921875 0.24277233958333333 0.05758289999999997 0.0831752986111111
0 0.6600852582031249 0.26449144930555557 0.15701580703125 0.18632911527777773
0 0.44588008515625005 0.23424153888888888 0.05758289999999997 0.0917061
3 0.381699143359375 0.1894548388888889 0.05638325703124995 0.10876769999999997
0 0.31173245898437496 0.21398088819444444 0.06675510390624999 0.05545019861111113
0 0.241940647265625 0.21184818958333335 0.05038503828124998 0.04691940138888889
0 0.07159123515625 0.21184819097222224 0.0887736375 0.0725117986111111
0 0.022599536328125 0.22784344236111112 0.04519907265625 0.08744070138888892
0 0.21015008710937502 0.2075827902777778 0.020393944531250006 0.034123200000000034
