0 0.33605216562500007 0.3917890784722223 0.016358425 0.019897968055555517
0 0.35757641015625 0.3955119784722222 0.016358425 0.02122131249999997
0 0.322276648828125 0.39331969236111114 0.014636486718750018 0.01683674027777771
0 0.29946095 0.39331969236111114 0.025829093749999997 0.022959195833333328
0 0.26718761484375 0.39413282986111114 0.024107151562499984 0.022959193055555556
0 0.23877561289062496 0.39107160416666664 0.034438791406250016 0.026020416666666633
0 0.2000319734375 0.39872466874999996 0.03099491093750002 0.022959195833333407
0 0.159996878515625 0.39107160277777775 0.02669006328125001 0.03214287500000002
0 0.1324458453125 0.3948981347222222 0.033577820312500006 0.03061225833333331
0 0.102311904296875 0.39642875000000005 0.035299760156250005 0.03979593611111112
0 0.0668504296875 0.3935800361111111 0.037345126562500004 0.036706944444444486
0 0.022672198828125 0.4031730604166667 0.044770427343749995 0.04773589583333333
0 0.56959300390625 0.3982873541666666 0.01721939531250003 0.02602041944444448
0 0.433990263671875 0.40287919027777785 0.018080366406250013 0.029081644444444443
0 0.452726614453125 0.4084185527777778 0.014636485156250068 0.03520409722222221
0 0.5039543171875 0.46683694513888885 0.14636486250000003 0.2173470375
0 0.517299347265625 0.6000002694444445 0.012914547656249997 0.0
0 0.76285655625 0.4523364368055555 0.20541013124999993 0.2312031902777778
