1 0.5418540203125 0.66967105625 0.022981087500000007 0.09592105416666673
1 0.44343502265625007 0.6625657930555555 0.009991775000000036 0.03552631666666662
1 0.429946125 0.6581250034722222 0.010990953124999958 0.040855262500000024
0 0.20613033515625 0.6332565819444445 0.04296463906250001 0.051513158333333406
0 0.409462983203125 0.6527960555555555 0.013988486718749993 0.0230921055555556
0 0.392976552734375 0.653684213888889 0.01498766484374996 0.021315788888888913
0 0.37249341132812497 0.6590131618055556 0.023980263281250025 0.03907894861111111
0 0.46191980937500005 0.6599013194444445 0.028976151562499997 0.033750000000000016
0 0.48889760625 0.6652302666666666 0.022981085937500013 0.030197369444444414
3 0.9100509792968751 0.6821052666666667 0.17985197421874996 0.17052631666666668
0 0.296655108984375 0.64519995625 0.06471057578125002 0.05128334861111112
