0 0.5249836640625001 0.6947616638888888 0.22465347187499995 0.36610195555555547
0 0.7057595046875 0.6136367986111111 0.08541512187499993 0.10816648611111108
0 0.82218148671875 0.6157169229166666 0.084245053125 0.10400623749999996
0 0.7706984 0.6011560486111112 0.053823229687499995 0.06240374166666669
0 0.6191743125 0.5668339916666667 0.015210910937499999 0.031201872222222152
0 0.6343852234375 0.5761945527777779 0.026911612500000005 0.045762744444444475
0 0.65369138203125 0.5845150513888889 0.03978238593750003 0.05408324444444443
0 0.597497537109375 0.5225570458333334 0.011761653906249947 0.021692719444444463
3 0.080881082421875 0.3399518020833333 0.15795947265625002 0.15808947638888887
0 0.23773143789062495 0.4243454472222222 0.04095245546875002 0.024961497222222247
