0 0.24451541601562501 0.3443879083333333 0.031855882031250005 0.036734711111111075
0 0.16573668046874998 0.3443879076388889 0.049936246875 0.0459183875
0 0.674946492578125 0.3612246534722222 0.04304848828124994 0.05510206805555558
0 0.751572802734375 0.3566328111111111 0.05854594453124999 0.10714290277777773
0 0.60827514609375 0.3428572979166667 0.00860969843749997 0.018367356944444465
0 0.600095932421875 0.35051036319444445 0.016358425781249953 0.0336734875
0 0.63238229765625 0.3566328138888889 0.04993624687500002 0.079591875
0 0.544563382421875 0.3826532340277778 0.12053576640625004 0.18673477916666667
0 0.29617360195312503 0.3604593472222222 0.07662630703125002 0.07193880833333333
0 0.8689292296875 0.4010803777777778 0.25781106093750006 0.8020411777777778
