0 0.252824921875 0.5811607506944445 0.013196081250000002 0.023459698611111118
0 0.19884095234375002 0.5918242513888889 0.027591806250000017 0.04052129999999994
0 0.160452352734375 0.5950233013888889 0.051584682031249995 0.051184799999999975
0 0.22583293671875 0.5918242506944444 0.03598931249999997 0.0447866986111111
0 0.556794374609375 0.588625201388889 0.038108124218750025 0.03412319999999996
0 0.52694351953125 0.5832934527777778 0.03838860000000004 0.03199050000000001
0 0.919826848046875 0.6056868006944445 0.1307611695312499 0.08530799861111113
0 0.76867173515625 0.6056868020833334 0.12596259375000002 0.06824640138888888
0 0.096783752734375 0.6099522034722222 0.07197862578125 0.10236960138888891
0 0.044193123828125 0.6376773034722222 0.08838624765625 0.31990500138888883
0 0.383498609375 0.6739332 0.38388599999999995 0.34123200000000004
1 0.5964353757812499 0.5960896506944444 0.013196081250000002 0.05331749861111111
