0 0.39664403828125 0.4945737611111112 0.013984806249999959 0.01740331388888884
0 0.37706531171875 0.4920875722222222 0.013984804687500008 0.027348063888888892
0 0.36028354375 0.49084448125 0.022375689062500027 0.03977900694444448
0 0.332313930859375 0.49830304305555556 0.02796961171875001 0.02983425277777777
3 0.26518686328125 0.46349641458333335 0.06712706874999999 0.1392265125
0 0.200157515625 0.5107339826388888 0.07411947187499998 0.06961325694444448
0 0.17708258515625 0.4858721041666667 0.0531422625 0.05966850555555554
0 0.10226387226562501 0.5306234819444444 0.12726173203125 0.10441988333333335
0 0.03443756328125 0.5206787326388889 0.06712706874999999 0.11933701249999996
0 0.43789921640624996 0.502032323611111 0.029368092187499962 0.04723756666666669
0 0.5861381609375 0.5293803888888889 0.07411947187500001 0.12679557500000002
0 0.6595583921875001 0.5430544208333333 0.0643301078125 0.07458563055555559
0 0.8015041734375 0.5219218250000001 0.09090124062499996 0.06215469166666665
0 0.719693058203125 0.5579715472222222 0.10348756484375006 0.10441988333333335
0 0.496635403515625 0.5194356381944444 0.10208908671875001 0.18646408194444447
0 0.966524883984375 0.6288278993055555 0.06293162734374995 0.19640882916666666
