0 0.263265590625 0.4763482083333334 0.06025856875 0.06656394444444444
0 0.587374783984375 0.45242679374999994 0.021646282031250054 0.027041601388888854
0 0.562218293359375 0.45086669999999995 0.009945588281250028 0.01768104722222219
0 0.54993256640625 0.4571070694444444 0.013455796875000026 0.019761169444444466
0 0.520973352734375 0.4669876520833333 0.05265311796875007 0.08320492638888892
0 0.33317723046875003 0.5007896576388889 0.1205171375 0.1341679458333333
0 0.078979676953125 0.5174306416666667 0.15737431953124997 0.14040831388888894
0 0.641197971875 0.45294682291666666 0.012285728124999996 0.015600923611111107
0 0.6344700718749999 0.45086670069444446 0.009360554687499967 0.013520798611111138
0 0.40807537734375005 0.4555876034722222 0.015795934374999997 0.024961479166666658
0 0.43615703984375004 0.44934723402777776 0.040367390624999985 0.037442218055555546
