0 0.53200408515625 0.4919495 0.01872112187499999 0.027041622222222214
0 0.512112891015625 0.4961097486111111 0.01872112265625008 0.022881369444444428
0 0.49397680390625 0.5013100625000001 0.03393203437499999 0.016640997222222214
0 0.455949523828125 0.5065103743055556 0.042122525781249996 0.04784286805555556
0 0.416752173046875 0.5013100618055556 0.03159189453125002 0.045762745833333285
0 0.390425594140625 0.510670623611111 0.01638098203124998 0.027041622222222214
0 0.3371874015625 0.5044302486111112 0.0269116140625 0.05200311944444446
0 0.5536503828124999 0.4961097520833333 0.024571473437500036 0.052003118055555575
0 0.270493402734375 0.5158709361111111 0.06903413984375 0.07072424166666672
0 0.36351398007812497 0.5189911236111111 0.051483086718749994 0.06448386944444451
0 0.488711488671875 0.5179510611111111 0.03744224609374998 0.045762744444444475
0 0.5951878734375 0.5283516840277778 0.09126547343749998 0.12480748472222218
0 0.11740313124999999 0.665639917361111 0.23480626249999997 0.44098644583333324
