0 0.53543480859375 0.4949996520833333 0.021093735937499948 0.046874965277777784
0 0.5552101859375 0.4985152756944444 0.036914037500000066 0.06328120694444447
0 0.44908232890625 0.4832809104166666 0.027685528125000046 0.0374999736111111
0 0.50313502578125 0.4867965333333334 0.04086911250000007 0.07265620000000005
0 0.027776162890625 0.5336715006944445 0.05555232578125 0.11953116805555553
0 0.9355566039062498 0.6039839527777778 0.12788077187500005 0.3023435416666667
1 0.16122887265625 0.48313904930555557 0.017098509374999994 0.0715231763888889
1 0.337242938671875 0.48582116875000003 0.011063741406249994 0.04470198472222222
1 0.6741841515625 0.50638408125 0.021121687500000076 0.09655628750000002
0 0.895961875 0.5457218291666667 0.09052152031249996 0.1251655583333333
