0 0.358241883203125 0.4843711868055556 0.11405251796875002 0.11957642916666661
0 0.4103941031250001 0.4739732368055556 0.037042698437500035 0.09878052916666667
0 0.437201319140625 0.47570622916666666 0.030219044531250017 0.08145061111111115
0 0.44987382070312504 0.4687742618055555 0.02047096484374995 0.06412069305555555
0 0.467420362109375 0.46444178263888886 0.026319811718749975 0.04852376805555557
0 0.47911805625000004 0.46097579930555554 0.012672501562500039 0.027727868055555563
0 0.488866134765625 0.46010930347222223 0.00877327109374999 0.02252889305555554
0 0.498126809375 0.4549103277777778 0.013647309375000027 0.012130941666666692
0 0.9265548578124999 0.5649553027777778 0.13939752187499987 0.3154044944444445
0 0.804703876953125 0.5389604270833334 0.1998356085937501 0.2114249902777778
0 0.639473946875 0.47743922083333334 0.07993424375 0.10224651111111108
0 0.5956075937499999 0.4748397333333333 0.01169769374999996 0.06585368611111109
0 0.5843973035156249 0.48177170069444447 0.010722886718750057 0.05545573750000001
0 0.5746492249999999 0.4765727243055556 0.008773270312499993 0.03465983472222215
0 0.56928778203125 0.46704127013888885 0.03509308281249997 0.053722743055555515
0 0.5468672015625 0.4583763118055556 0.005848846875000024 0.032926843055555585
0 0.539556142578125 0.46357528680555554 0.010722886718749968 0.02252889305555554
0 0.516160754296875 0.4488448569444444 0.010722886718749968 0.010397950000000043
