0 0.69693987421875 0.4122924416666666 0.026294160937499988 0.024307494444444445
0 0.627528938671875 0.40067290902777775 0.019983561718750043 0.02243768472222227
0 0.558112355078125 0.4034776194444444 0.019983561718750043 0.02804710555555556
0 0.38715522890625 0.4042522652777778 0.013672964062500004 0.011218844444444424
0 0.34298103984375 0.41173149027777783 0.013672965625 0.014958455555555616
0 0.36454225078125 0.40705697500000004 0.00841413124999999 0.009349036111111136
0 0.022087094140625 0.4581027111111111 0.04417418828125 0.029916911111111076
0 0.059950685937500005 0.45342819305555554 0.021035328125000002 0.016828263888888903
0 0.1041248765625 0.4478187729166666 0.01682826249999999 0.01682826249999994
0 0.08151189921874999 0.4496885798611111 0.022087095312500006 0.01682826250000002
0 0.12200490546874998 0.4478187729166666 0.016828262500000003 0.01682826249999994
0 0.142514351171875 0.44875367638888886 0.024190627343750014 0.014958455555555538
0 0.16512732890624998 0.4478187729166666 0.021035328124999995 0.013088648611111135
0 0.186688540625 0.44594896597222217 0.0199835609375 0.020567876388888903
0 0.20667210273437503 0.4450140625 0.017880028906250022 0.014958455555555538
0 0.221501733203125 0.4430334993055556 0.01177923046874998 0.015179968055555548
0 0.01104354765625 0.40855282638888896 0.0220870953125 0.02804710555555556
0 0.044700073046875 0.4057481159722222 0.026294160156249996 0.02243768472222219
0 0.08308954765625 0.4057481159722222 0.0189317953125 0.018698068055555614
0 0.10044369453124999 0.40574811527777777 0.015776495312499993 0.014958455555555538
0 0.129893154296875 0.4038783090277778 0.041018891406250015 0.0224376819444445
0 0.174593226171875 0.40200850069444444 0.029449460156250006 0.029916912499999962
0 0.22665566484374997 0.3963990784722223 0.019983562499999996 0.018698068055555538
0 0.25873454140624996 0.38985475694444444 0.01893179531249998 0.013088649999999941
0 0.19510267265625 0.39826888541666666 0.009465898437499986 0.02243768194444442
0 0.2920755421875 0.39078965972222224 0.04101889062500001 0.02617729722222219
0 0.6629283828125001 0.40200850208333333 0.03260475781250003 0.026177298611111156
0 0.23265503710937502 0.44105811666666667 0.011931027343749978 0.013724580555555595
0 0.4294468046875 0.4459240965277778 0.030178481249999934 0.04491680972222222
