0 0.21403446835937498 0.5347647965277778 0.15250613203125 0.12714687638888897
0 0.525883213671875 0.4978068958333334 0.03996712421875 0.055217741666666674
0 0.47917522734375 0.48988942916666667 0.030692464062500056 0.03365652500000004
0 0.454458715234375 0.4889545270833333 0.01912303203124992 0.02804710694444444
0 0.43963836718750005 0.4805403944444444 0.00841413124999999 0.014958455555555538
0 0.41965480585937504 0.4796054916666667 0.01262119921874998 0.009349036111111058
0 0.406507724609375 0.4777356854166666 0.011569430468750053 0.013088654166666677
0 0.395990060546875 0.4786705881944444 0.011569430468749965 0.014958459722222272
0 0.378635915234375 0.4805403958333334 0.010517666406250025 0.011218844444444424
0 0.3859982796875 0.4814753 0.008414131250000035 0.013088652777777711
0 0.36654059921875 0.48428001041666663 0.013672964062500004 0.007479229166666654
0 0.35654881953124995 0.4842800097222222 0.010517664062499987 0.011218844444444424
0 0.326047594140625 0.4917592395833334 0.014724732031249976 0.007479229166666733
0 0.33814290625 0.4852149145833333 0.013672962500000007 0.01682826805555556
0 0.311322864453125 0.48428001041666674 0.01262119921874998 0.018698073611111077
0 0.287658118359375 0.4833451069444444 0.013672964843750001 0.013088652777777791
0 0.293968718359375 0.4917592381944445 0.01577649765625 0.014958456944444502
0 0.267148673046875 0.4917592395833334 0.02103532890625002 0.022437687500000043
0 0.4974855207031251 0.48241020347222224 0.018931794531250025 0.02991691527777781
0 0.47592430937499997 0.4749309756944445 0.03260475937500003 0.014958459722222272
0 0.45646663046875 0.46184232569444444 0.014724731249999934 0.007479234722222196
