0 0.560085769921875 0.300578025 0.0070204210937500735 0.027041622222222214
0 0.5717864703125001 0.30577833680555555 0.021061262500000046 0.03744224583333333
0 0.539024506640625 0.2995379625 0.016380982031250026 0.02080124444444442
0 0.524398628515625 0.300578025 0.015210911718749998 0.03536211944444448
0 0.503337365625 0.2745764680555555 0.038612315625000004 0.016640999999999986
0 0.553065348046875 0.3036982125 0.021061261718750047 0.03744224722222222
0 0.471745471875 0.33594014652777776 0.09243554374999992 0.1518491069444444
0 0.632630119140625 0.31097865 0.01404084140625006 0.018721122222222223
0 0.6478410308593749 0.30993858402777774 0.018721122656249988 0.020801245833333346
0 0.681773066796875 0.3130587763888889 0.021061264843749948 0.03120187222222223
0 0.594017804296875 0.3151388972222222 0.02106126328125004 0.03120187222222223
