0 0.49573878281250006 0.5155931229166667 0.07293430781249999 0.12661014583333327
0 0.5944146117187501 0.520169392361111 0.05234109218750005 0.07474574861111109
0 0.7527249628906251 0.5468643027777778 0.10039193046875008 0.10067794722222219
0 0.6909453136718751 0.5338982020833334 0.060063547656250015 0.07474574583333332
0 0.6536201089843751 0.5262710861111111 0.026599571093750017 0.0655932083333333
0 0.630881766015625 0.5216948159722221 0.022309317968750086 0.053389820833333344
0 0.5317769125 0.516355832638889 0.018019065624999976 0.0610169347222222
0 0.54936695078125 0.5041524451388889 0.03260592656250001 0.04576270138888887
0 0.47106982578125 0.47097448541666664 0.013728810937499957 0.016779654166666724
0 0.46120224296874995 0.4671609298611111 0.01287076093749997 0.018305084722222236
0 0.45433783671875005 0.46411008125 0.00943855625000003 0.015254234722222215
0 0.320267418359375 0.48622872152777774 0.06177964921874999 0.03203389305555551
0 0.43224303203125 0.4724999104166666 0.007722456249999965 0.019830504166666665
0 0.418514220703125 0.47936431527777773 0.014586860156249947 0.024406775000000006
0 0.3966339296875 0.4854660097222222 0.02402542031249997 0.03050846944444443
0 0.44597184296875003 0.4595338111111111 0.007722456250000054 0.015254233333333329
