0 0.704843871875 0.57187460625 0.011865225000000024 0.02812497916666664
0 0.6593605050781249 0.5695308583333334 0.01582030078125003 0.018749986111111068
0 0.636948410546875 0.5707027326388888 0.02373045234374995 0.02578123194444441
3 0.611240420703125 0.5531246194444445 0.01713866015625003 0.018749986111111148
0 0.6145363160156251 0.5695308583333334 0.01582030078125003 0.03281247777777775
0 0.593442581640625 0.5671871090277777 0.02373045390625004 0.0374999736111111
0 0.5611427992187499 0.5941402166666667 0.05668941406250001 0.08203119444444443
0 0.6554054292968751 0.7675775958333333 0.25839826015625 0.39140598055555553
0 0.98103997109375 0.6187495749999999 0.036914037499999885 0.08906243888888889
3 0.037095308203124996 0.6140620784722223 0.07382807421875 0.11718742083333329
