0 0.619290287890625 0.5417763194444444 0.007993421093750008 0.021315788888888913
0 0.61529357578125 0.5471052652777778 0.009991776562499943 0.021315788888888913
0 0.63277918515625 0.5426644763888889 0.008992598437500022 0.015986841666666626
0 0.6512639714843751 0.5426644770833333 0.011990132031249967 0.01953947361111111
0 0.65925739296875 0.5497697395833334 0.01199013124999997 0.01953947361111111
0 0.66974875859375 0.5568750027777778 0.012989309375000068 0.0230921055555556
0 0.7112146296875 0.5844078979166667 0.037968750000000016 0.06750000138888891
0 0.594810434375 0.55865131875 0.02697779687500006 0.040855262500000024
1 0.6102976882812501 0.5666447402777777 0.011990131250000058 0.046184211111111116
1 0.19214184726562503 0.6083881611111112 0.05695312578125 0.19717105277777772
0 0.6837372441406251 0.5613157923611111 0.02497943984375004 0.03552631527777782
0 0.74468708046875 0.5977302666666666 0.06894325624999995 0.09059210555555555
0 0.5193725234375 0.5986184236111112 0.09791940781249994 0.12434210555555557
0 0.8645883968749999 0.6474671083333333 0.1748560859374999 0.20782894722222223
0 0.35250985820312497 0.6616776354166667 0.24379934296875 0.3037500013888888
