3 0.2951799328125 0.34531557777777777 0.04507085468750001 0.07247325833333329
0 0.8066360949218752 0.4325328979166667 0.016986019531250028 0.05151315972222229
0 0.99148395625 0.42453947569444445 0.014987665624999914 0.03552631527777782
0 0.9835719777343751 0.42486186666666664 0.023143971093749903 0.036171097222222275
0 0.962008216796875 0.42720395 0.019983553906250152 0.03730263333333331
0 0.95051767421875 0.42986842430555555 0.020982731249999987 0.035526318055555506
0 0.91204933515625 0.42009868611111106 0.059950659375000014 0.062171052777777826
1 0.83661142265625 0.41299342291666663 0.00899259999999984 0.01953947361111111
1 0.8580937421874999 0.42809210833333333 0.015986842187500017 0.05328947500000002
0 0.8351126570312498 0.42453947708333334 0.04596217031250003 0.05684210694444442
3 0.87208222890625 0.4165460541666666 0.039967104687499956 0.07282894722222225
0 0.74968296875 0.4263157916666666 0.09292352031249998 0.07105263055555555
0 0.38498313125 0.39789474027777777 0.07293996718749995 0.12078947500000005
1 0.21062663398437503 0.3748026340277778 0.019983553906250017 0.07460526250000005
1 0.470412819140625 0.40322368472222225 0.019983552343749978 0.07460526388888884
1 0.265815587890625 0.35796533124999996 0.005463133593750014 0.04856119027777777
