1 0.720382998046875 0.6299424916666666 0.013647310156250026 0.06758667499999997
1 0.71307193984375 0.6308089875 0.01072288593750006 0.05892171666666665
1 0.7744848328125 0.6221440277777778 0.02047096406250004 0.09358155277777777
0 0.899671216796875 0.6654688243055555 0.20065756640625 0.2183569569444444
0 0.652633852734375 0.6377409555555555 0.08675789765625001 0.14557130555555559
0 0.43378949140625 0.6377409555555555 0.048740392187499995 0.07625163611111113
0 0.482529883203125 0.6394739472222223 0.023395388281250006 0.0866495861111111
0 0.5527160484375 0.6914636972222223 0.16571733437499994 0.2322208916666667
0 0.33728351523437505 0.6464059145833333 0.17156618203125001 0.21835695972222224
0 0.118439153125 0.6810657486111111 0.23492869062500002 0.301540561111111
