0 0.55536958984375 0.5521800111111111 0.006889492187499968 0.012247986111111133
0 0.54694910078125 0.5480973479166666 0.006889492187500057 0.009526209722222253
0 0.5469491 0.5603453347222221 0.009951487499999967 0.012247986111111133
0 0.539294109375 0.54469513125 0.005358493750000015 0.010887095833333325
0 0.5327873671875001 0.5460560180555555 0.006123992187499994 0.010887097222222211
0 0.53699761171875 0.5555822291666667 0.008420489062499925 0.010887099999999981
0 0.525897875390625 0.5487777923611111 0.006123992968749992 0.010887098611111097
0 0.5274288734375 0.5637475527777778 0.009185989062499988 0.013608872222222207
0 0.515563637109375 0.5508191229166667 0.011482486718750008 0.009526209722222253
0 0.5209221304687499 0.5610257777777777 0.006889492187500057 0.013608872222222285
0 0.5082913964843749 0.5603453347222223 0.004592994531250038 0.014969758333333359
0 0.5017846546875 0.5589844465277778 0.011482485937500009 0.01769153472222224
0 0.51403263984375 0.5657888826388889 0.011482485937500009 0.020413309722222234
0 0.5056121496093751 0.5705519895833333 0.013013483593750052 0.024495970833333304
0 0.189858726171875 0.6852333208333333 0.23271172421875003 0.17283268333333332
0 0.799675662109375 0.6261548173611111 0.14793514609375008 0.16899020416666663
0 0.44381549531250003 0.5976962763888889 0.04057145156250001 0.04899194166666661
0 0.0953195875 0.6763875541666667 0.086501396875 0.10614920833333336
0 0.2856662203125 0.6169355777777779 0.033441743749999996 0.0353830694444444
0 0.485709173046875 0.5674899930555556 0.019137477343750042 0.04082661944444439
0 0.71982431953125 0.6230595694444444 0.056646932812500064 0.1129536444444445
0 0.69073535390625 0.6053680354166666 0.0673639203125 0.09662299583333334
0 0.655139646484375 0.6019658166666667 0.04363344921875001 0.07893146111111109
0 0.622988683984375 0.5842742819444444 0.048226441406249966 0.07620968611111117
0 0.587392976953125 0.5686240791666667 0.02602696953125001 0.05579637777777783
0 0.472039565625 0.5768217972222222 0.020668475 0.029939519444444486
0 0.572319946484375 0.5550476006944445 0.009951488281250054 0.010887098611111097
0 0.5684924515625 0.5509649388888889 0.008420489062500014 0.013608872222222207
0 0.36424999218750004 0.60083173125 0.034447457812499985 0.04218750416666665
1 0.40298059140625 0.6004429076388889 0.0030619968750000837 0.020413309722222234
1 0.4083390847656251 0.6004429069444445 0.004592994531250038 0.02585685833333334
1 0.416176337109375 0.5976563333333332 0.00459299453124995 0.03402218055555555
1 0.41885558359374997 0.5990172208333333 0.005358493750000015 0.03130040555555556
1 0.4754842953124999 0.5966518652777778 0.007654992187500031 0.02993951944444441
1 0.57003834609375 0.5843693597222223 0.011452660937499992 0.03531402777777773
0 0.533692052734375 0.5815238673611111 0.019902977343750017 0.026901268055555583
3 0.027697153515625 0.4731750909722222 0.05358493671875001 0.8587198680555554
