1 0.73969119140625 0.600394738888889 0.022981085937500013 0.07105263055555555
0 0.3871719140625 0.58529605625 0.014606809374999984 0.01953947361111111
0 0.37499135546874995 0.5870723715277778 0.010990954687499999 0.01953947361111111
3 0.4464325546874999 0.5613157923611111 0.05195723750000001 0.10657894861111106
0 0.5203717007812501 0.5906250027777777 0.015986842187500017 0.03730263333333331
0 0.5363585441406251 0.6039473708333334 0.027976974218749985 0.053289472222222245
0 0.6967265546875 0.63325658125 0.07693667812499996 0.14743421249999997
0 0.329528772265625 0.5968421083333333 0.03796875078125002 0.06394736944444443
0 0.30904563124999995 0.6146052659722222 0.030974506249999978 0.08526315972222223
0 0.272076057421875 0.6394736875 0.09692023046874998 0.12078947499999997
0 0.48989678281250004 0.6110526354166667 0.07094161093749998 0.08526315972222215
3 0.613794809765625 0.6332565826388888 0.16486431015625005 0.20782894861111104
1 0.219119644140625 0.6012828979166667 0.012989308593749981 0.04796052638888892
1 0.23160936406249996 0.6030592152777777 0.009991776562499988 0.033750000000000016
