0 0.42216501875 0.4391753298611112 0.020876292187499958 0.026804129166666652
0 0.40418821132812505 0.44639182638888886 0.01971649765625001 0.032989694444444474
0 0.394909858203125 0.45463925 0.022036086718749993 0.02474226944444445
0 0.362435626953125 0.4639176034722223 0.035953614843749995 0.04329897638888893
0 0.284729428515625 0.47319595277777776 0.05219073203124998 0.07422681666666667
0 0.263273237890625 0.481443375 0.05567011171874996 0.09484537500000004
0 0.200064465625 0.5010310124999999 0.1101804296875 0.11340208055555555
0 0.116559298046875 0.5226804993055555 0.14265466328125 0.15670105416666671
0 0.037113408203124996 0.5474227701388888 0.07422681640624999 0.16494847916666666
0 0.48479389453124994 0.44226811388888887 0.020876292187500044 0.03298969722222217
0 0.5010310101562501 0.4536083243055556 0.02783505625 0.04329897638888893
0 0.513788744921875 0.45979388958333334 0.018556705468750056 0.04329897638888885
0 0.5300258605468751 0.46391760416666666 0.030154644531249986 0.0639175361111111
0 0.54800266796875 0.47216502569444446 0.04523196718750002 0.07216496250000001
0 0.5897552519531251 0.4876289444444445 0.07074743515624995 0.10309280000000005
0 0.7210446546875 0.5132551777777777 0.22778498750000004 0.21650962777777777
