1 0.70616694140625 0.6070406881944445 0.010331629687500055 0.05877549583333332
0 0.38286070390625 0.5902476965277778 0.026862239062500005 0.04224489027777783
0 0.29762475429687496 0.5957578986111112 0.03616070703125 0.06061223333333332
0 0.17674467851562498 0.6003497347222222 0.04029335859375001 0.04775509166666667
0 0.127079055078125 0.5978570166666667 0.057857132031249994 0.05693876111111117
0 0.500641294140625 0.5760786034722222 0.01859693359375001 0.023877545833333298
0 0.487210171484375 0.5856558604166666 0.01859693359375001 0.029387748611111104
0 0.4639640046875 0.5847374930555556 0.017563771875000002 0.023877544444444492
0 0.47326247304687497 0.5755538194444444 0.01136479296875006 0.01653061111111111
0 0.441234419140625 0.5856558597222222 0.009298467968750047 0.022040811111111145
0 0.428319879296875 0.5829007597222222 0.01859693359375001 0.027551016666666723
0 0.33998443984375 0.6095334048611111 0.07335457656249997 0.08448978194444447
0 0.257847976953125 0.6031048381944444 0.07852039140625 0.09734692083333335
0 0.609811577734375 0.6052039548611111 0.06095661953124996 0.09367345138888888
0 0.5369735816406249 0.6079590534722222 0.059923457031249946 0.0844897791666667
0 0.859920397265625 0.6512527569444444 0.16633925078124995 0.13959180833333334
1 0.7705920410156251 0.5880173743055556 0.012397955468749977 0.036734687499999946
