0 0.48204247851562504 0.5900836833333334 0.014622114843750023 0.012130944444444462
0 0.444024973828125 0.6030811208333333 0.016571733593750082 0.02079590000000001
0 0.47473142109375 0.6004816333333333 0.01169769374999996 0.012130941666666612
0 0.5127489269531249 0.6030811208333333 0.015596925781250003 0.013863933333333339
0 0.525421428515625 0.5978821458333333 0.017546539843749986 0.017329916666666632
0 0.515673349609375 0.6169450541666666 0.01364730859374994 0.017329916666666712
0 0.537119123046875 0.6030811201388889 0.025345003906249986 0.051989751388888866
0 0.6004816332031251 0.6178115493055556 0.03314346640624999 0.050256756944444446
0 0.458159687890625 0.5944161618055556 0.023395388281250006 0.04159180138888882
0 0.480092863671875 0.6065471041666667 0.014622116406250019 0.017329916666666632
0 0.5020260406249999 0.5909501784722222 0.007798462500000003 0.017329918055555518
0 0.56148931953125 0.6082800944444445 0.04679077656250001 0.06585368333333332
0 0.330459859375 0.61781155 0.0838334734375 0.10224651111111108
0 0.282206870703125 0.5952826576388889 0.028269425781250003 0.06065470972222226
0 0.21543253476562502 0.5935496659722221 0.02534500546874998 0.05718872638888889
1 0.426965836328125 0.5926831694444444 0.00974807890624998 0.0693196666666667
1 0.41380593007812505 0.5978821458333333 0.016571732031249998 0.06931966944444447
