0 0.45035140468750007 0.3649552201388889 0.014765618749999997 0.016874995833333312
0 0.46300764921875004 0.3837052131944445 0.03164061249999994 0.050624981944444473
0 0.402363139453125 0.3952230722222222 0.06011716640625005 0.07687497222222217
0 0.311660047265625 0.38303557847222214 0.030585927343750006 0.048749984722222216
0 0.23308585507812501 0.3924105729166667 0.05906247890624998 0.03749998750000003
0 0.0954491859375 0.3849105777777778 0.11917964531249998 0.09749996388888893
0 0.644187839453125 0.3729909375 0.024257803906249986 0.024374988888888855
0 0.6716097046874999 0.37861593680555555 0.03691404999999994 0.06562497638888891
0 0.695867508984375 0.3954909298611111 0.07066403828125001 0.08812496527777777
0 0.5479099640625 0.4683480479166667 0.15925775625 0.24562491805555553
