0 0.23878123046875 0.49224996875000004 0.06243749374999998 0.06149999583333331
0 0.291093726171875 0.48699997152777774 0.06918749453125002 0.06299999583333328
0 0.458015597265625 0.46824997083333336 0.010968749218749973 0.013499999999999958
0 0.48923434492187495 0.46524997222222225 0.007593749218750024 0.01949999722222218
0 0.5774062125 0.47574996875 0.02868749687499994 0.046499995833333294
0 0.596812460546875 0.4832499694444444 0.020249997656249973 0.052499997222222164
0 0.631828083203125 0.4929999680555555 0.05990624453124997 0.06899999444444446
0 0.16583591250000002 0.5045646229166667 0.096953140625 0.08872931250000002
0 0.40250051210937504 0.45963791597222226 0.03482609609375005 0.05952757638888894
0 0.439087459765625 0.4661999659722222 0.023624996093749927 0.02699999861111111
0 0.47376558593749996 0.46499996180555553 0.01940624843750003 0.03599999583333337
0 0.508781210546875 0.4672499618055555 0.026999997656249962 0.04049999583333338
0 0.693984319140625 0.5062499618055556 0.09871874140625003 0.10349999305555554
0 0.018984373828125 0.5458928173611112 0.03796874765625 0.1304999875
0 0.91456467421875 0.5721428131944445 0.16790623750000008 0.17699998472222225
3 0.348398326171875 0.4424998451388889 0.06960935078125 0.12374995694444443
