0 0.05800106679687499 0.6888642111111112 0.11405251796875 0.20969200000000005
3 0.23834051835937498 0.6212775340277777 0.26222331015625 0.3552633041666667
0 0.41136891132812503 0.6559373680555556 0.04289154609375001 0.08491659444444445
0 0.845645806640625 0.6672018125 0.13939752265625005 0.0831836027777778
0 0.64191096640625 0.6576703611111111 0.045815968750000026 0.06065471111111115
0 0.59024615078125 0.6325419798611112 0.014622117187500016 0.08664958472222221
0 0.5907335546875 0.6048141131944444 0.017546540624999985 0.07278565416666664
0 0.6326502917968749 0.6282095 0.027294619531250053 0.036392825
0 0.721357805859375 0.612612575 0.035093082031249966 0.01906290833333328
0 0.628263656640625 0.6065471048611111 0.01852134921875006 0.01039795138888885
0 0.60389346015625 0.6065471041666667 0.004874039062500035 0.013863933333333339
3 0.61412894296875 0.6004816333333333 0.01169769374999996 0.01906290833333336
1 0.7111223230468751 0.6481389055555555 0.018521349218749972 0.06931966944444447
1 0.7276940558593751 0.6490054013888888 0.018521349218749972 0.06758667777777781
