1 0.40648350781250003 0.47743400625000004 0.027274348437499984 0.11611535138888887
1 0.46354431367187504 0.4780720013888889 0.030863078906250063 0.13525524444444445
1 0.5622343859375001 0.45574212430555555 0.025838854687499958 0.11356336527777779
1 0.72647857890625 0.43532623958333333 0.033734060937500046 0.09314747916666669
1 0.3671270734375 0.44276952430555555 0.012201682812500003 0.037003793055555595
1 0.380764246875 0.4414935319444445 0.016508157812500014 0.039555777777777794
1 0.499838300390625 0.4772213305555556 0.030145332031250048 0.19395091388888888
0 0.21175000546875 0.5729207972222222 0.42347013281249996 0.5512289166666666
1 0.5809128671875 0.49034583888888894 0.03516955312499999 0.19139893333333333
1 0.766809078125 0.4839658743055556 0.04234701249999997 0.17863900416666662
