0 0.8564390808593749 0.4108857513888889 0.20099638515624996 0.20398583333333337
0 0.668669099609375 0.4101823506944445 0.09654156953125001 0.10691671249999998
0 0.322973384375 0.41580954791666663 0.06805389531249997 0.08722153472222224
0 0.29674663125 0.4025789423611111 0.033235621875000024 0.06330594583333335
0 0.27854617070312504 0.3744429659722222 0.02848767578125 0.06049235138888886
0 0.26192836015625 0.36984742916666674 0.014243839062500019 0.03516996944444446
0 0.24214525234375 0.35226244375 0.011078542187499974 0.028135976388888848
0 0.25203680625 0.36773723055555557 0.00870456875000003 0.02532237777777778
0 0.12384226171875001 0.34382165138888887 0.0783411125 0.0478311611111111
0 0.191500494140625 0.3545133083333333 0.020574433593750018 0.02954277777777775
