0 0.11210290234375 0.532028461111111 0.2242058046875 0.45057784999999995
0 0.239802730078125 0.5458923930555556 0.12087617265624999 0.16983319166666666
0 0.30121562500000004 0.5250964930555556 0.08188385937500002 0.12130941944444444
0 0.341670149609375 0.5069000798611111 0.06531212421874999 0.10917847916666663
0 0.38114986796875006 0.5017011055555556 0.01364731093749998 0.057188725
0 0.391872754296875 0.49216965138888885 0.015596925781250003 0.05892171944444442
0 0.404545255859375 0.49736862569444446 0.013647310156249981 0.03812581805555561
0 0.4113689105468749 0.48523768263888895 0.015596924218750008 0.034659834722222234
0 0.42209179726562496 0.48437118611111113 0.011697694531249959 0.03292684166666662
0 0.430865068359375 0.48350469305555555 0.007798463281250001 0.024261883333333383
0 0.97529525 0.8396344902777778 0.047765584375 0.20969199722222212
0 0.8173763792968749 0.6143455659722222 0.36165371171875 0.41418502361111115
0 0.62046519375 0.55109136875 0.10040520781250004 0.1282413875
0 0.5683129746093749 0.5302954673611111 0.05458923984374993 0.09358155138888888
0 0.540043546875 0.5172980298611112 0.037042698437500035 0.07105265972222223
0 0.534682103515625 0.5051670895833333 0.05166481640624996 0.06758667638888893
0 0.505437868359375 0.5034340972222222 0.030219044531250017 0.046790777777777806
0 0.508849695703125 0.4713737486111111 0.03119385078125001 0.020795902777777778
0 0.48740392304687497 0.4956356340277777 0.011697694531250047 0.031193851388888937
0 0.48204247968749997 0.48870366597222226 0.016571732812499997 0.038125818055555524
