1 0.734815875 0.5017451854166667 0.035084046874999955 0.2023613152777778
1 0.439330233203125 0.5246147861111111 0.03508404609374995 0.08177614722222223
0 0.010768847265625001 0.46669826597222225 0.021537694531250002 0.0693018236111111
0 0.01880893515625 0.4424426270833334 0.010135390624999999 0.02356261805555554
0 0.06597748710937501 0.44521469930555563 0.0077964539062500005 0.023562615277777768
0 0.074163765234375 0.45006582916666665 0.010135391406249994 0.024948658333333325
0 0.083909334765625 0.4528379027777778 0.015592910156249995 0.0360369472222222
0 0.09677348515625 0.455609975 0.030406175 0.05266938611111113
0 0.16577211015625 0.48055863125 0.04366014687499999 0.07484596805555555
0 0.186432716015625 0.48748881180555553 0.05223624765624999 0.09147840416666671
0 0.228143749609375 0.4971910659722222 0.08108313046874997 0.12751534861111105
0 0.11977302578125 0.46877731874999995 0.04366014687500001 0.048511276388888865
0 0.30649812070312504 0.523525757638889 0.16294590703125 0.1718685152777778
0 0.050774399609375 0.4424426277777777 0.01793184609375 0.026334691666666684
