0 0.556121225 0.4945017888888889 0.01043814531249998 0.026804127777777766
0 0.544523285546875 0.4934708611111111 0.010438146093749979 0.020618561111111135
0 0.5839562820312499 0.49553271666666665 0.012757734375000052 0.024742272222222222
3 0.7283506355468751 0.4810997256944444 0.06726805234375002 0.0701031041666667
1 0.68601815390625 0.5037801430555555 0.01043814531249998 0.06597939444444449
1 0.6703609351562501 0.5027492131944444 0.013917528125 0.055670112499999966
0 0.528866066015625 0.4903780763888889 0.032474232031249974 0.043298975000000045
0 0.5717784437500001 0.4996564291666666 0.020876292187500044 0.032989697222222246
0 0.4181057390625 0.5615121097222222 0.19368559843750002 0.329896961111111
0 0.838282546484375 0.6316152138888889 0.3219256945312501 0.3876289305555555
3 0.052190730078125004 0.4460481729166667 0.10438146015625001 0.1731959041666666
