0 0.6365495234375 0.5770862444444445 0.13062425156250007 0.18023113888888895
0 0.530295467578125 0.5328949555555554 0.046790775781250016 0.06412069444444445
0 0.507387483984375 0.5190310215277778 0.016571733593749992 0.039858809722222256
0 0.4942275777343751 0.5146985423611111 0.013647310156250026 0.02426188472222219
0 0.041038004687500004 0.5052102770833333 0.060245935937499995 0.0540554208333333
0 0.216894745703125 0.5034340965277778 0.03996712109375 0.039858809722222256
0 0.24711378828125002 0.5025676006944445 0.020470964062499996 0.020795901388888892
0 0.17865697890624999 0.4997285986111111 0.03562736875000001 0.028981830555555553
0 0.304140048046875 0.4999681131944444 0.01949615703124996 0.025994876388888914
0 0.28756831445312503 0.5008346090277779 0.013647310156250026 0.017329918055555598
