0 0.43360080546875 0.5070996680555555 0.011470920312499988 0.0203927472222222
0 0.42786534453125 0.5084591840277778 0.009176735937499991 0.017673715277777783
0 0.42021806406250006 0.5064199083333334 0.010706193750000014 0.016314197222222285
0 0.411423691015625 0.5091389423611111 0.011470921093749985 0.021752265277777776
0 0.3949820375 0.5070996666666667 0.026000753124999988 0.03670694722222218
0 0.4940143214843751 0.5070996680555555 0.013000377343750013 0.023111783333333354
0 0.503191057421875 0.5111782159722222 0.020647657031249978 0.03398791250000007
0 0.36745182773437496 0.5098186993055556 0.04588368359374999 0.05030211249999997
0 0.522691622265625 0.5193353159722223 0.04129531484375004 0.05166162916666666
0 0.466101746875 0.5132174916666666 0.0535309640625 0.08293050833333335
0 0.10438537851562502 0.5098186993055556 0.13306268046875 0.059818726388888875
0 0.0231330234375 0.519335317361111 0.046266046875 0.059818726388888875
1 0.053913327734374995 0.5213745916666667 0.018353472656249998 0.09108760833333333
1 0.24968370859375 0.5009818416666666 0.013765104687499984 0.06933534166666667
0 0.5648791234375 0.52930511875 0.045883682812500035 0.08157099305555554
0 0.6042626191406251 0.5361027006944444 0.07264916484375003 0.12235648750000003
0 0.65588176171875 0.5524169000000001 0.09023790937500005 0.16858004999999998
0 0.760267152734375 0.5768881972222223 0.22406531953125003 0.24743201111111113
0 0.8946511640624999 0.6695884465277777 0.2095354859374999 0.48262836805555553
