0 0.6603563105468749 0.4837908569444444 0.012292052343749926 0.02913671388888888
0 0.648747151171875 0.4837908569444444 0.01912096796874998 0.02913671388888888
0 0.6344064238281251 0.48864697638888893 0.015023617968750003 0.024280594444444463
0 0.623480155859375 0.4874329465277778 0.015023619531249999 0.026708654166666672
0 0.605724971484375 0.48500488680555554 0.023218319531249955 0.031564773611111166
0 0.577043518359375 0.48500488680555554 0.023218319531249955 0.031564773611111166
0 0.5538251984375 0.48500488888888893 0.03141301875 0.04127701111111111
0 0.511485910546875 0.4789347388888889 0.04233928828125002 0.06312954722222218
0 0.45070854726562504 0.47772070972222225 0.09014171015625001 0.12383103611111118
0 0.126334970703125 0.5068574236111111 0.15160196640624998 0.08498208055555555
0 0.26632777734375 0.5372081666666666 0.21852535624999997 0.22338147499999997
3 0.72181656640625 0.4752926493055556 0.1215547296875 0.14325550972222217
