0 0.44919125859375003 0.29774989375 0.013710931250000068 0.02624999027777777
0 0.4829412476562499 0.2986873944444444 0.00949218437499999 0.02062499166666664
0 0.44233579375000004 0.3033748958333334 0.014765618749999997 0.033749988888888895
0 0.432843609375 0.30056239583333333 0.018984367187499983 0.03937498888888891
0 0.42176939296875 0.30899989027777774 0.02214842968749995 0.04874998333333333
0 0.410167835546875 0.31743738888888884 0.028476552343750017 0.073124975
0 0.38169128203125 0.33243738333333334 0.041132796874999975 0.0843749694444444
0 0.36270691289062496 0.3446248791666667 0.04746091953125 0.09749996388888889
0 0.321574115625 0.35681237499999996 0.0959765296875 0.1218749555555556
0 0.492960775390625 0.29587489791666666 0.01054687109375001 0.04499998472222219
0 0.502452958984375 0.2986873965277778 0.018984367968750072 0.05062498194444443
0 0.5135271734375 0.3099373923611111 0.022148429687500037 0.04687498194444441
0 0.533566228515625 0.3164998868055556 0.030585925781250013 0.06374997638888892
0 0.27026058398437497 0.3962693916666667 0.16664056640625 0.16687494166666667
0 0.58086594375 0.3231444159722222 0.07699215937500004 0.1143749597222222
0 0.8379489261718749 0.3590623736111111 0.32167957421874993 0.6506247722222223
0 0.46880842929687494 0.3046873944444445 0.02003905546875 0.028124988888888876
