0 0.364048207421875 0.4387496909722223 0.02900388515625001 0.04218747083333333
0 0.45633330078125 0.4399215666666666 0.018457018750000033 0.025781230555555527
0 0.441172178125 0.4387496895833334 0.019775376562500037 0.046874968055555556
0 0.501816667578125 0.4328903194444444 0.01713866015625003 0.025781230555555527
0 0.591465042578125 0.44109344166666664 0.014501942968750025 0.028124980555555526
0 0.576303922265625 0.44695281111111107 0.02373045390624995 0.021093733333333295
0 0.6929786453125001 0.44695281249999996 0.03823239531249998 0.03984372222222221
0 0.275718191015625 0.4364059430555555 0.042187471093749984 0.05624996111111113
0 0.20782272929687498 0.4434371881944445 0.03295896171875001 0.05156246527777779
0 0.13597219296875002 0.4492965590277778 0.12919913125 0.13359365416666666
0 0.324497453515625 0.44578093541666675 0.05273433828125 0.07031244861111116
0 0.40821321718750003 0.45867155208333343 0.06987299843749999 0.13828115416666667
0 0.25396527539062497 0.4668746729166667 0.08305658359375001 0.08906244027777777
0 0.6356300523437499 0.4774215402777778 0.0975585265625 0.1054686777777778
0 0.070622812890625 0.5336714993055556 0.14124562578125 0.23671858750000002
