1 0.625083184375 0.5653121055555556 0.021093735937499948 0.0796874472222222
1 0.604648627734375 0.5547652361111111 0.02241209296875004 0.08671868888888888
1 0.506430923046875 0.5395308715277778 0.01582030390625002 0.04218747083333333
1 0.422055980078125 0.536015248611111 0.010546867968749929 0.030468727777777756
1 0.41348665078125 0.536015248611111 0.009228510937500012 0.030468727777777756
1 0.39766634765625 0.5336715020833334 0.011865225000000024 0.03515622916666664
1 0.3719583578125 0.5430464951388889 0.010546865625000023 0.03046872916666664
0 0.224302210546875 0.5512496152777777 0.02636716953125 0.03749997500000006
0 0.14190480546875 0.5524214881944445 0.01713865937500001 0.06328120694444439
0 0.092466362890625 0.5617964819444444 0.04218746953124999 0.06796870277777774
0 0.28165080312499996 0.5453902430555555 0.027685526562500007 0.044531222222222215
0 0.25066937929687494 0.5442183687500001 0.021093735156249994 0.03281247638888887
0 0.9526952644531249 0.8453900361111112 0.09360345390624988 0.3070310388888889
1 0.052915608984374994 0.639140179861111 0.10546867734375001 0.5695308597222223
1 0.199912578515625 0.6468700951388888 0.16479480859375 0.5353210375
1 0.9105077925781249 0.5653121041666667 0.022412092968749953 0.11249992222222219
