0 0.916450855078125 0.7487913270833333 0.16545584921874995 0.3706551069444445
0 0.43126456171875 0.5125047638888889 0.041124864062500065 0.09181365000000004
0 0.2748944390625 0.4436445263888889 0.017215059375000008 0.02210328611111107
0 0.16825671015625 0.4342931361111111 0.04303764843750002 0.030604549999999935
0 0.13573937578125 0.43854376805555556 0.021997020312499994 0.02210328611111107
0 0.10896039453125002 0.42919237777777774 0.03347372656250001 0.027204044444444422
0 0.08265960937500001 0.42919237777777774 0.013389490625 0.017002527777777804
0 0.03579639140625 0.4266419986111111 0.0688602390625 0.045906824999999984
0 0.47573679843749994 0.4623473069444444 0.017215059374999963 0.015302275000000047
0 0.4613909156249999 0.46149718055555555 0.01338949062500001 0.017002527777777804
0 0.44847962109374995 0.4589468013888889 0.014345882812499955 0.015302274999999968
0 0.43317734609374997 0.4589468013888889 0.012433098437499979 0.015302274999999968
0 0.41814833398437495 0.4572465486111112 0.013799357031250015 0.011901769444444455
0 0.592894840625 0.4699984444444444 0.01625866718749993 0.020403033333333317
0 0.56659405703125 0.46914831805555557 0.022953412499999982 0.01870278055555556
0 0.09987466874999999 0.4742490763888889 0.078424159375 0.07651137499999999
0 0.17877702421875 0.48955135138888894 0.0889444734375 0.09011339722222221
0 0.33036518593749997 0.5922952097222222 0.21423185 0.3247482805555556
0 0.676647487890625 0.48894412361111106 0.04303764921874995 0.034005055555555525
0 0.6221331343750001 0.4770423541666667 0.05451435468749999 0.034005055555555525
0 0.8105423796875 0.49392343194444444 0.08511890468749997 0.08331238611111111
