0 0.39744601601562496 0.4867491895833333 0.24337459609374998 0.14976898194444452
0 0.880099958984375 0.43058582083333335 0.23518410390624994 0.19969197500000005
0 0.09498287734375 0.5106706236111112 0.18604115625 0.1518491055555555
0 0.180983034375 0.43890632013888886 0.07722463124999998 0.07904474027777779
0 0.22661577109375003 0.4378662576388889 0.06084364843750001 0.06032361805555553
0 0.261717876171875 0.43162588333333335 0.042122525781249996 0.04784286944444444
0 0.285704314453125 0.4316258840277778 0.02925175390625001 0.03536212083333328
0 0.300330191796875 0.42642557152777777 0.030421825781249988 0.03744224583333333
0 0.7888344859374999 0.41914513541666665 0.06435385937500007 0.05616336805555559
0 0.7537323812500001 0.4077044493055556 0.047972876562500044 0.05408324305555554
0 0.73150104765625 0.4077044493055556 0.038612315625000004 0.03328199583333339
0 0.694643837890625 0.4025041381944444 0.032761964843749956 0.031201873611111115
0 0.6671471886718751 0.39626376319444445 0.026911613281250003 0.031201870833333267
