0 0.390553219140625 0.4878174381944444 0.08080411171874999 0.12243047916666659
0 0.45482922187499997 0.49108225277777773 0.03672914374999996 0.021221283333333375
0 0.68056042109375 0.48047161041666664 0.028465085937500058 0.08488513194444439
0 0.69203827734375 0.48047161111111114 0.03672914062500006 0.09794438055555561
0 0.723717165234375 0.48863363888888894 0.052339028906250015 0.11753325555555555
0 0.755396051953125 0.4943470659722222 0.08814994609374996 0.1387545402777778
0 0.8395113601562499 0.5139343958333333 0.17997280312500008 0.19262395277777775
0 0.887518928515625 0.5698288506944444 0.22221131796875 0.34770255694444446
0 0.6044124906249999 0.4864570993055556 0.01193697187499998 0.026118501388888878
0 0.6168965671875 0.48890570625 0.02479217187499998 0.03754534027777778
0 0.53884713671875 0.5076783805555556 0.11294211718750002 0.1469165694444445
0 0.320767849609375 0.5093107874999999 0.11386034765625 0.13385732222222224
1 0.585588806640625 0.4709492388888889 0.011018746093750042 0.031015719444444458
