1 0.79648554765625 0.5544914236111111 0.018019065625000063 0.09457626111111107
1 0.5905533847656249 0.49042363611111106 0.0042902539062500186 0.027457622222222176
1 0.624017358984375 0.49576261736111116 0.009438558593750025 0.032033893055555596
1 0.6325978671875 0.4919490569444444 0.007722456249999965 0.027457613888888864
1 0.6656328191406249 0.4965253277777778 0.010296608593750011 0.027457622222222176
1 0.20829180429687497 0.5316100666666667 0.012870760156250017 0.04271185555555558
1 0.225023793359375 0.5277965118055555 0.00858050859374999 0.028983045833333342
1 0.25977484492187497 0.5148304097222222 0.006006353906249995 0.03050846944444443
1 0.27050047890625 0.5194066798611112 0.006864406249999977 0.02440677361111112
1 0.27865196328124997 0.5125422770833333 0.0060063609374999775 0.019830506944444437
0 0.28980661796875 0.531610070138889 0.030031771874999967 0.02135593194444441
1 0.23532039999999999 0.5888134486111112 0.015444912499999974 0.10525421944444441
0 0.18297930859374997 0.5956778527777777 0.08237286562499999 0.08847455833333334
1 0.469568237109375 0.4934744826388889 0.020593216406249937 0.03355931527777772
1 0.45498137617187495 0.5522032847222222 0.04118643203124996 0.08084744166666663
0 0.40435638437500004 0.5560168430555555 0.11326269062500001 0.10372879166666667
0 0.489732428515625 0.51864396875 0.042044483593750036 0.06254235972222218
0 0.50775149296875 0.5346609159722222 0.04032838281249997 0.06101693750000005
0 0.5026031878906251 0.5583049777777779 0.028315672656249992 0.0655932083333333
0 0.531347886328125 0.4934744833333333 0.034322027343750075 0.01830508055555558
0 0.559234535546875 0.5064405805555555 0.03518007890625006 0.025932202777777746
0 0.590124359375 0.5270337972222222 0.03174787656250002 0.042711855555555504
0 0.6137207515625 0.5316100666666667 0.061779649999999985 0.04271185555555558
0 0.3198383921875 0.5888134486111112 0.21022241718749995 0.11440675833333332
0 0.54164449375 0.5575422666666666 0.08494701875000006 0.09762710000000002
0 0.6579103640625 0.5666948097222222 0.19220335468749994 0.10677964166666669
0 0.9170416691406249 0.5567795576388889 0.16302963046874996 0.13576268472222225
