0 0.17895935000000002 0.6472744513888888 0.03478966875 0.0533175
0 0.313919272265625 0.6472744534722222 0.026392161718750008 0.04052130138888891
3 0.34031143515625 0.6323455513888889 0.02879145000000003 0.07037910000000001
0 0.0765835046875 0.6067531513888889 0.153167009375 0.21966809999999998
3 0.235942428125 0.5950233013888889 0.09597149999999999 0.106635
0 0.241940647265625 0.6835303520833333 0.13436010078125 0.1172985013888889
0 0.5946359109375001 0.6654024020833333 0.043187175 0.06824640138888888
0 0.6954059859375 0.6611370034722223 0.01919429999999993 0.06824640138888896
0 0.7235976140625 0.6739332013888889 0.03718895625000007 0.06398100000000002
0 0.6510191671875001 0.6654024020833333 0.0695793375 0.0938388013888889
0 0.821368580078125 0.6867294020833333 0.19434228828125005 0.20047380138888882
0 0.953271643359375 0.6963265520833334 0.09345671328125 0.15568710138888883
0 0.45607705742187504 0.6973929034722223 0.23393053203125005 0.3625590013888889
