0 0.10373433125 0.44370499375 0.11046322968750003 0.12326825138888885
0 0.22017500859375 0.4492308138888889 0.032517315625 0.08161208333333331
0 0.276567959765625 0.46623333125000005 0.02151881171875001 0.028904279166666668
0 0.44120394609374997 0.48159633124999995 0.02001591249999999 0.03655541250000004
0 0.371797236328125 0.5007241381944445 0.10089931484375003 0.1598236625
0 0.4785715308593749 0.4889438430555556 0.05813495234374999 0.08185496666666671
0 0.57246870078125 0.5296284430555556 0.13580760781250004 0.15132240555555557
0 0.95631904453125 0.7839411076388889 0.0839110296874999 0.1424586208333333
0 0.5131435222656251 0.4781145229166667 0.017225903906250027 0.0421077625
0 0.42127203554687503 0.4717345597222222 0.01148393515625008 0.029347836111111133
