0 0.43022179453125 0.5730220444444445 0.02185253593750005 0.04370507222222228
0 0.40836925781249994 0.5754501041666666 0.024584099999999953 0.038848952777777786
0 0.381736481640625 0.5766641347222222 0.028681453906250008 0.03642089444444447
0 0.361932620703125 0.5839483118055556 0.01638940234374999 0.03156477361111109
0 0.3195933328125 0.5931749458333333 0.071020740625 0.06458639444444446
0 0.25266994257812503 0.5936605493055556 0.03824193828125 0.05584536527777778
0 0.22262270625 0.6021587583333333 0.043705071875000015 0.0728417833333334
0 0.103799544140625 0.6337235326388888 0.20759908828125 0.2330937124999999
0 0.46163481484375 0.5854051645833334 0.043705071874999925 0.06070148749999996
0 0.485536025390625 0.5623385972222222 0.012292052343750016 0.024280594444444383
0 0.49851096796875005 0.5635526270833334 0.01365783437500001 0.03156477638888894
0 0.5101201281250001 0.56476665625 0.012292051562500017 0.03399283472222226
0 0.5271924210937501 0.5684087465277778 0.021852534374999965 0.0364208930555555
0 0.5661172515625 0.5769069548611111 0.03687615468749996 0.07769790694444438
0 0.59275002734375 0.5963314291666667 0.04916820468749998 0.07769790555555557
0 0.63986955859375 0.6121138159722223 0.06419182343749999 0.10926267916666667
0 0.7033784898437501 0.6351803833333334 0.092873275 0.14082745
0 0.8377715757812499 0.6618890375 0.21033065468749995 0.26223042777777783
0 0.946351361328125 0.6764573951388889 0.10516532734375002 0.2816549041666668
