0 0.232462248828125 0.4926559048611111 0.018956796093750006 0.028124981944444412
0 0.213755341796875 0.4949996520833333 0.01582030234374998 0.028124981944444412
0 0.17881884296875 0.4938277770833333 0.0250488109375 0.02578123194444441
0 0.16102100390625 0.5020308979166667 0.015820303125 0.03281247638888887
0 0.12015189062500001 0.5043746451388889 0.015820301562499983 0.03281247638888895
0 0.080601137109375 0.5114058916666667 0.04482418828124999 0.03749997500000006
0 0.05291560937499999 0.5125777659722223 0.0158203015625 0.03515622638888895
0 0.0337994109375 0.5114058916666667 0.027685526562499996 0.03749997500000006
0 0.014683212890625 0.5149215138888888 0.02900388671875 0.03984372222222221
0 0.33768103867187504 0.4867965333333334 0.023730453906249994 0.035156224999999985
0 0.35811559492187495 0.48445278541666664 0.019775375781249993 0.0351562236111111
0 0.41414582890625 0.4821090354166666 0.010546868750000016 0.02109373472222218
0 0.4365579234375 0.4926559034722222 0.03955075468749998 0.05624995972222224
0 0.480063752734375 0.4879684069444445 0.042187471093749984 0.028124980555555526
0 0.38777865976562503 0.5067183944444444 0.05273433984375005 0.08437494166666666
0 0.30604043515625 0.5008590229166666 0.04746090468749999 0.07265619861111108
