0 0.2830920875 0.5326041847222223 0.0497323953125 0.08501263888888894
0 0.24340181171874997 0.5385550680555555 0.07938055156249998 0.1105164305555556
0 0.36964558046875 0.4917981166666667 0.02582258906249999 0.010201516666666698
0 0.3476485609375 0.5190021611111111 0.020084235937499972 0.040806066666666634
0 0.4423313875 0.4918831361111111 0.004781960937499985 0.01870278055555556
0 0.43324566171875 0.48848262986111113 0.007651137499999993 0.01190176805555549
0 0.42750730859374997 0.4935833881944445 0.007651137499999993 0.015302276388888932
0 0.41889977929687505 0.4952836395833333 0.009563921093749973 0.02210328472222219
0 0.4719795453125 0.49018288125 0.008607529687500027 0.02210328472222219
0 0.47915248710937497 0.49273326041666665 0.009563921093750061 0.027204043055555537
0 0.48393444765625004 0.49528364027777777 0.00956392187499997 0.028904297222222257
0 0.5743135089843749 0.5071854097222223 0.08320611953124998 0.13091946388888892
0 0.132460317578125 0.5182370659722223 0.19414761484374998 0.22443339305555554
0 0.041124864453125 0.6049499715277779 0.08224972890625 0.16322426805555557
0 0.93978101796875 0.6642320958333333 0.12043796406249996 0.3649875777777778
0 0.375383934375 0.5250947513888888 0.05451435468750003 0.07991188055555559
0 0.496048753125 0.49619045416666663 0.02677898125000002 0.04250631944444439
0 0.624045903515625 0.524244625 0.12720016015625007 0.1462217388888889
