0 0.36877231640625 0.5156055506944445 0.062371639062499984 0.09147840416666671
0 0.64710575625 0.48580576805555553 0.0639309296875 0.08454822222222226
0 0.520413364453125 0.4670942763888889 0.03040617421874998 0.03880902222222223
0 0.578886776953125 0.46986634791666665 0.039761919531249926 0.04989730972222222
0 0.404246185546875 0.5045172604166667 0.022609719531250017 0.06652974861111116
0 0.41321210937499997 0.4962010402777778 0.021830071875000013 0.05266938333333337
0 0.43192360117187506 0.48649878611111114 0.02962652890624993 0.04158109166666664
0 0.44400810625 0.4781825666666667 0.024169010937499992 0.03880901944444446
0 0.45804172578125 0.4740244569444444 0.013253973437499945 0.03603694722222228
0 0.468566939453125 0.4719454020833333 0.01091503671874996 0.023562620833333308
0 0.478702330859375 0.4719454034722222 0.009355746093750028 0.026334693055555566
0 0.610072595703125 0.4788755861111111 0.024169010156249993 0.07068785833333335
3 0.5601752847656251 0.4539269305555556 0.028846883593749963 0.06237164166666665
0 0.48610896367187506 0.46917332986111104 0.00857610234374997 0.026334693055555566
0 0.49975275859375 0.4670942736111111 0.00779645468750001 0.024948655555555553
0 0.5367859203125 0.46085711319444445 0.010135392187499991 0.02910676527777775
0 0.9363542332031249 0.5156055520833334 0.12630256953125 0.2910676513888889
1 0.12435345625000001 0.49481500277777773 0.024169010937499992 0.10811084166666668
