0 0.5627872605468751 0.5250002340277777 0.06715564140624997 0.09489800138888893
0 0.511559558984375 0.5158165590277778 0.03874363984375 0.05510206805555558
0 0.266470145703125 0.5517859625 0.07490436796875 0.09030616111111113
0 0.45631398046875005 0.5188777854166667 0.027551032812499977 0.0397959375
0 0.41283500585937494 0.5211737034722222 0.01808036484374993 0.026020420833333287
0 0.31640639296875 0.5398471777777778 0.040465579687499975 0.0664285916666667
0 0.338791605859375 0.5340308423611111 0.03874363984375 0.05051022638888883
0 0.43306779570312504 0.5225512465277777 0.01894133359375001 0.015306131944444384
0 0.480851619140625 0.51795940625 0.014636485156250068 0.01836735416666665
1 0.7077171542968751 0.5064798326388888 0.024107153906250022 0.11479596805555556
1 0.741602468359375 0.5155979055555556 0.016358424218749956 0.07653064722222219
1 0.7708754421874999 0.5133019854166666 0.01635842656250004 0.08112248749999998
