0 0.5402585332031251 0.40561242708333334 0.011192605468750028 0.016836743055555558
0 0.5208867125000001 0.4109695743055556 0.012053575000000016 0.02142857916666669
0 0.5045282867187499 0.42015324652777775 0.01721939531249994 0.021428576388888922
0 0.49204422500000006 0.4247450888888889 0.009470667187499959 0.01224490277777777
0 0.480851619140625 0.42397978194444447 0.014636485156250068 0.016836738888888824
0 0.45975785937499997 0.4346940729166667 0.02410715468750002 0.026020420833333287
0 0.53836441796875 0.43239815763888895 0.012914548437499996 0.022959193055555556
0 0.420928116796875 0.4631634840277778 0.057684972656250014 0.07653064861111115
0 0.347257817578125 0.5130104430555555 0.11192607109375001 0.18826539166666667
0 0.24559162773437498 0.4859696055555556 0.06198982265624999 0.08112248888888887
0 0.1851085015625 0.5102043131944445 0.09815055468750003 0.10918371527777772
0 0.46529266367187494 0.5810215826388888 0.17908171328125003 0.27078909027777776
