0 0.16766695 0.7755137993055555 0.3353339 0.44537887361111106
0 0.392360158203125 0.6472724104166667 0.15889367890625 0.19582806527777774
0 0.301215623828125 0.5788192375000001 0.08188385859374998 0.11784343611111114
0 0.172053583984375 0.5424264118055555 0.10235482421875002 0.031193851388888857
3 0.042891544921875004 0.5311619638888888 0.08578308984375001 0.2512838
3 0.13549829062500002 0.5190310215277778 0.03314346718750001 0.0329268430555555
0 0.60145644140625 0.5215607145833333 0.05263962343749995 0.01719032916666671
0 0.466445555078125 0.5320284611111111 0.04191673671874998 0.024261883333333383
0 0.41348664999999996 0.5337614520833334 0.040869112499999985 0.031193851388888857
0 0.6492733722656251 0.5198975180555555 0.025447699218749963 0.017329916666666632
0 0.768125078515625 0.5055465201388889 0.019775377343750032 0.03046872916666672
0 0.39700716914062506 0.5430464944444444 0.042187471093750026 0.021093736111111146
