0 0.193011953515625 0.5796857319444445 0.007798463281250001 0.012130941666666612
0 0.200810416015625 0.5788192361111111 0.007798461718750005 0.013863933333333339
0 0.20763407109375 0.5814187229166666 0.009748078124999981 0.02252889305555554
0 0.21738214960937502 0.5779527402777778 0.013647310156249981 0.029460858333333326
0 0.22615542070312503 0.5805522298611111 0.011697692968750006 0.031193851388888937
0 0.25783667539062505 0.5805522284722222 0.022420580468749972 0.038125818055555524
0 0.24272715351562502 0.5744867590277778 0.023395388281250006 0.04332479305555555
0 0.4488990140625 0.5727329805555555 0.04386635312500005 0.04328322222222225
0 0.400158620703125 0.5961491527777778 0.08870751328125004 0.0901155666666667
0 0.493740173046875 0.6152120631944444 0.10040520859375004 0.1282413875
0 0.16522993007812498 0.5779527395833333 0.012672502343750013 0.015596926388888871
0 0.12769982734375002 0.5831517173611112 0.02924423437499999 0.03639282638888896
0 0.285131294921875 0.5770862451388888 0.03996712109375 0.05545573472222224
0 0.6004816328125 0.6412069402777778 0.22225618906250003 0.1767651555555555
0 0.8714782144531249 0.7070606229166666 0.2534500398437499 0.2980745763888889
1 0.8256622453125001 0.5840182104166667 0.03704269687500013 0.09358155416666673
